246,280
245,280
244,280
243,280
242,280
241,280
240,280
239,280
238,280
237,280
236,280
235,280
234,280
233,280
232,280
231,280
230,280
229,280
228,280
227,280
226,280
225,280
224,280
223,280
222,280
221,280
220,280
219,280
218,280
217,280
216,280
215,280
214,280
213,280
212,280
211,280
210,280
209,280
208,280
207,280
206,280
205,280
204,280
203,280
202,280
201,280
200,280
199,280
198,280
197,280
196,280
195,280
194,280
193,280
192,280
191,280
190,280
189,280
188,280
187,280
186,280
185,280
184,280
183,280
182,280
181,280
180,280
179,280
178,280
177,280
176,280
175,280
174,280
173,280
172,280
171,280
170,280
169,280
168,280
167,280
166,280
165,280
164,280
163,280
162,280
161,280
160,280
159,280
158,280
157,280
156,280
155,280
154,280
153,280
152,280
151,280
150,280
149,280
148,280
147,280
146,280
145,280
144,280
143,280
142,280
141,280
140,280
139,280
138,280
137,280
136,280
135,280
134,280
133,280
132,280
131,280
130,280
129,280
128,280
127,280
126,280
125,280
124,280
123,280
122,280
122,279
122,278
122,277
122,276
122,275
122,274
122,273
122,272
122,271
122,270
122,269
122,268
122,267
122,266
122,265
122,264
122,263
122,262
122,261
122,260
122,259
122,258
122,257
122,256
122,255
122,254
122,253
122,252
122,251
122,250
122,249
122,248
122,247
122,246
122,245
122,244
122,243
122,242
122,241
122,240
122,239
122,238
122,237
122,236
122,235
122,234
122,233
122,232
122,231
122,230
122,229
122,228
122,227
122,226
122,225
122,224
122,223
122,222
122,221
122,220
122,219
122,218
122,217
122,216
122,215
122,214
122,213
122,212
122,211
122,210
122,209
122,208
122,207
122,206
122,205
122,204
122,203
122,202
122,201
122,200
122,199
122,198
122,197
122,196
122,195
122,194
122,193
122,192
122,191
122,190
122,189
122,188
122,187
122,186
122,185
122,184
122,183
122,182
122,181
122,180
122,179
122,178
122,177
122,176
122,175
122,174
122,173
122,172
122,171
122,170
122,169
122,168
122,167
122,166
122,165
122,164
122,163
122,162
122,161
122,160
122,159
122,158
122,157
122,156
122,155
122,154
122,153
122,152
122,151
122,150
122,149
122,148
122,147
122,146
122,145
122,144
122,143
122,142
122,141
122,140
122,139
122,138
122,137
122,136
122,135
122,134
122,133
122,132
122,131
122,130
122,129
122,128
122,127
122,126
122,125
122,124
122,123
122,122
122,121
122,120
122,119
122,118
122,117
122,116
122,115
122,114
122,113
122,112
122,111
122,110
122,109
122,108
122,107
122,106
122,105
122,104
122,103
122,102
122,101
122,100
122,99
122,98
122,97
122,96
122,95
122,94
122,93
122,92
122,91
122,90
122,89
122,88
122,87
122,86
123,85
124,85
125,85
126,85
127,85
128,85
129,85
130,85
131,85
131,86
132,86
133,86
134,86
135,86
136,86
137,86
138,86
139,86
140,86
141,86
142,86
143,86
144,86
145,86
146,86
147,86
148,86
149,86
150,86
151,86
152,86
153,86
154,86
155,86
155,87
156,87
157,87
158,87
159,87
160,87
161,87
162,87
163,87
164,87
164,88
164,89
164,90
164,91
164,92
164,93
164,94
164,95
164,96
164,97
164,98
164,99
164,99
163,100
163,101
163,102
163,103
163,104
163,105
163,106
163,107
163,108
163,109
163,110
163,111
163,112
163,113
163,114
163,115
163,116
163,117
163,118
163,119
163,120
163,121
163,122
163,123
163,124
163,125
163,126
163,127
163,128
163,128
162,129
162,130
162,131
162,132
162,133
162,134
162,135
162,136
162,137
162,138
162,139
162,140
162,141
162,142
162,143
162,144
162,145
162,146
162,147
162,148
162,149
162,150
162,151
162,152
162,153
162,154
162,155
162,156
162,157
162,157
161,158
161,159
161,160
161,161
161,162
161,163
161,164
161,165
161,166
161,167
161,168
161,169
161,170
161,171
161,172
161,173
161,174
161,175
161,176
161,177
161,178
161,179
161,180
161,181
161,182
161,183
161,184
161,185
161,186
161,186
160,187
160,188
160,189
160,190
160,191
160,192
160,193
160,194
160,195
160,196
160,197
160,198
160,199
160,200
160,201
160,202
160,203
160,204
160,205
160,206
160,207
160,208
160,209
160,210
160,211
160,212
160,213
160,214
160,215
160,215
159,216
159,217
159,218
159,219
159,220
159,221
159,222
159,223
159,224
159,225
159,226
159,227
159,228
159,229
159,230
160,230
160,231
161,231
161,232
162,232
163,232
164,232
165,232
166,232
167,232
168,232
169,232
170,232
171,232
172,232
173,232
174,232
175,232
176,232
177,232
178,232
179,232
180,232
181,232
182,232
183,232
184,232
185,232
186,232
187,232
188,232
189,232
190,232
191,232
192,232
193,232
194,232
195,232
196,232
197,232
198,232
199,232
200,232
201,232
202,232
203,232
204,232
205,232
206,232
207,232
208,232
209,232
210,232
211,232
212,232
213,232
214,232
215,232
216,232
217,232
218,232
219,232
220,232
221,232
222,232
223,232
224,232
225,232
226,232
227,232
228,232
229,232
230,232
231,232
232,232
233,232
234,232
235,232
236,232
237,232
238,232
239,232
240,232
241,232
242,232
243,232
244,232
245,232
246,232
247,232
248,232
249,232
249,233
249,234
249,235
249,236
249,237
249,238
249,239
249,239
248,240
248,241
248,242
248,243
248,244
248,245
248,246
248,247
248,248
248,249
248,250
248,251
248,252
248,253
248,254
248,255
248,256
248,257
248,257
247,258
247,259
247,260
247,261
247,262
247,263
247,264
247,265
247,266
247,267
247,268
247,269
247,270
247,271
247,272
247,273
247,274
247,275
247,275
246,276
246,277
246,278
246,279
246,280
246,280
