Grid spacing = 5
At Height 10
138
X	Y
-42.834277	-104.236786
-43.327205	-105.106422
-43.843628	-105.962379
-44.387005	-106.80145
-44.961774	-107.619506
-45.573361	-108.410562
-46.228251	-109.165674
-46.935059	-109.872436
-47.703407	-110.511333
-48.542978	-111.052716
-49.457624	-111.452739
-50.434334	-111.656927
-51.430861	-111.622675
-52.3913	-111.352526
-53.277388	-110.892245
-54.079644	-110.297117
-54.805276	-109.609966
-55.465608	-108.859576
-56.071594	-108.064346
-56.63209	-107.236608
-57.15444	-106.384304
-57.644473	-105.512828
-58.106677	-104.62625
-58.5446	-103.7277
-58.961461	-102.81884
-59.359521	-101.901709
-59.74084	-100.977541
-60.407656	-101.558891
-61.109711	-102.270967
-61.820974	-102.973524
-62.542688	-103.665213
-63.276436	-104.344371
-64.023825	-105.008494
-64.786982	-105.65437
-65.568616	-106.277589
-66.372461	-106.872012
-67.203186	-107.428189
-68.067025	-107.931121
-68.97183	-108.355047
-69.925282	-108.651981
-70.9187	-108.727985
-71.868079	-108.441492
-72.599538	-107.770873
-73.067461	-106.890575
-73.34802	-105.931876
-73.507143	-104.945279
-73.584086	-103.948645
-73.602064	-102.949065
-73.575623	-101.949693
-73.514419	-100.951854
-73.425165	-99.956072
-73.312729	-98.962611
-73.180763	-97.971579
-73.032083	-96.982984
-72.868868	-95.996555
-72.692921	-95.012384
-72.50568	-94.030302
-72.308337	-93.050171
-72.101913	-92.07196
-71.887238	-91.095473
-71.665053	-90.12067
-71.435992	-89.147488
-71.200607	-88.175858
-70.959357	-87.205623
-70.99648	-86.830276
-71.59792	-87.628908
-72.205078	-88.423278
-72.818321	-89.212981
-73.437993	-89.997475
-74.064705	-90.776426
-74.699039	-91.549298
-75.341502	-92.315284
-75.992919	-93.073733
-76.65411	-93.82371
-77.326006	-94.564073
-78.009719	-95.293465
-78.706617	-96.010272
-79.418326	-96.712464
-80.146664	-97.397312
-80.893951	-98.061389
-81.663074	-98.700161
-82.457342	-99.307196
-83.28103	-99.873611
-84.13913	-100.386281
-85.036995	-100.825232
-85.978588	-101.159304
-86.960285	-101.340444
-87.956819	-101.30421
-88.905033	-100.998689
-89.729623	-100.43855
-90.399638	-99.698924
-90.930857	-98.852992
-91.352197	-97.946825
-91.688957	-97.005692
-91.959973	-96.04349
-92.178861	-95.068081
-92.355529	-94.084113
-92.497316	-93.094466
-92.609778	-92.101023
-92.697209	-91.105052
-92.762998	-90.107448
-92.809867	-89.108793
-92.840033	-88.109437
-92.855323	-87.109808
-92.857268	-86.110051
-92.847158	-85.110288
-92.826097	-84.110731
-92.79503	-83.111393
-92.92599	-82.304582
-93.913899	-82.458195
-94.903138	-82.603349
-95.893591	-82.739285
-96.88545	-82.865178
-97.878555	-82.980027
-98.87313	-83.082711
-99.868847	-83.171851
-100.865896	-83.245866
-101.864053	-83.302817
-102.863109	-83.340347
-103.862796	-83.355546
-104.862511	-83.344749
-105.861393	-83.30326
-106.858045	-83.224937
-107.85009	-83.101548
-108.833405	-82.9218
-109.800598	-82.669846
-110.737783	-82.323255
-111.618	-81.851395
-112.3901	-81.219565
-112.974035	-80.412272
-113.298556	-79.470401
-113.363949	-78.475035
-113.22801	-77.485734
-112.951231	-76.525638
-112.576596	-75.599018
-112.131949	-74.703775
-111.635313	-73.836193
-111.098751	-72.992655
-110.530629	-72.170017
-109.936959	-71.365653
-109.322122	-70.577301
-108.689467	-69.803122
-108.041647	-69.041648
-107.380658	-68.291515
-106.708213	-67.551693
-106.025613	-66.821191
-105.333981	-66.099205
-105.221647	-65.646724
-106.220597	-65.687002
-107.219919	-65.718098
-108.219482	-65.739097
-109.21921	-65.748933
-110.219	-65.746343
-111.218625	-65.729816
-112.217904	-65.697519
-113.216407	-65.647202
-114.213593	-65.576051
-115.208807	-65.480469
-116.200754	-65.355785
-117.187585	-65.195742
-118.166212	-64.991717
-119.131333	-64.731399
-120.073055	-64.396624
-120.971624	-63.959961
-121.784982	-63.381499
-122.425538	-62.619013
-122.765935	-61.68528
-122.759451	-60.689732
-122.491409	-59.728502
-122.060575	-58.827192
-121.528439	-57.981224
-120.9295	-57.180941
-120.283784	-56.417786
-119.603634	-55.68508
-118.897114	-54.977734
-118.169751	-54.291834
-117.425471	-53.624313
-116.667193	-52.972763
-115.897087	-52.335204
-115.116867	-51.710047
-114.327894	-51.095976
-113.531237	-50.491867
-113.786212	-50.076026
-114.739811	-49.77571
-115.691296	-49.468719
-116.640394	-49.154489
-117.586891	-48.83233
-118.530339	-48.50151
-119.470403	-48.161103
-120.40652	-47.810067
-121.338088	-47.447121
-122.264314	-47.070727
-123.184186	-46.678989
-124.09629	-46.269573
-124.998801	-45.839467
-125.889148	-45.384751
-126.763576	-44.90017
-127.616314	-44.378473
-128.438016	-43.809221
-129.21207	-43.176983
-129.906146	-42.458589
-130.45107	-41.623285
-130.70553	-40.663288
-130.524911	-39.688652
-129.986726	-38.850887
-129.261435	-38.164717
-128.443742	-37.590351
-127.575493	-37.09517
-126.676517	-36.657964
-125.757282	-36.264934
-124.823896	-35.906767
-123.880152	-35.576893
-122.928472	-35.270486
-121.970639	-34.98395
-121.007856	-34.714481
-120.041034	-34.459866
-119.070884	-34.218332
-118.097891	-33.988409
-117.122496	-33.768893
-116.14504	-33.558768
-115.165794	-33.35717
-114.184959	-33.163354
-113.202756	-32.976686
-112.21931	-32.796601
-111.234804	-32.622617
-110.249268	-32.454289
-109.262884	-32.291245
-108.275649	-32.133128
-107.287735	-31.979646
-106.299122	-31.830508
-105.309899	-31.685467
-104.320142	-31.544301
-103.329857	-31.406794
-102.339066	-31.272756
-101.347878	-31.142021
-100.355775	-31.03303
-99.358324	-31.101246
-98.360223	-31.159706
-97.361645	-31.208224
-96.362565	-31.246627
-95.363193	-31.274727
-94.363543	-31.292345
-93.363778	-31.299296
-92.364036	-31.295396
-91.364356	-31.280461
-90.364919	-31.254308
-89.365809	-31.216751
-88.367245	-31.167612
-87.369319	-31.106707
-86.372182	-31.033858
-85.376007	-30.94889
-84.380989	-30.851631
-83.387244	-30.741906
-82.394979	-30.619553
-81.40436	-30.484407
-80.415607	-30.336316
-79.428903	-30.175128
-78.444455	-30.000699
-77.462466	-29.812891
-76.483164	-29.611576
-75.506745	-29.39663
-74.533462	-29.167946
-73.563563	-28.925427
-72.597219	-28.668963
-71.634735	-28.398493
-70.67629	-28.113928
-69.722168	-27.815222
-68.772611	-27.502329
-67.827867	-27.175215
-66.888169	-26.833858
-65.953767	-26.478252
-65.024897	-26.108399
-64.101834	-25.724334
-63.184806	-25.326089
-62.274024	-24.913699
-61.36976	-24.487246
-60.472233	-24.046803
-59.58164	-23.59245
-58.69826	-23.124323
-57.822222	-22.642498
-56.95378	-22.147133
-56.093148	-21.638386
-55.240454	-21.116377
-54.395898	-20.581289
-53.559669	-20.033312
-52.731898	-19.472621
-51.912755	-18.899427
-51.102351	-18.31392
-50.300832	-17.716331
-49.508292	-17.106866
-48.724842	-16.485759
-47.95058	-15.853248
-47.185569	-15.209559
-46.429905	-14.554955
-45.683607	-13.889647
-44.946761	-13.213916
-44.21939	-12.528
-43.501505	-11.832133
-42.793149	-11.126589
-42.094312	-10.411604
-41.405006	-9.687438
-40.725215	-8.954335
-40.054904	-8.212524
-39.394086	-7.462291
-38.742696	-6.703842
-38.100682	-5.937403
-37.46804	-5.163258
-36.844669	-4.381582
-36.230543	-3.592643
-35.625591	-2.796654
-35.029746	-1.993837
-34.442919	-1.184386
-33.865043	-0.368522
-33.296041	0.45354
-32.735806	1.281638
-32.184279	2.115533
-31.641355	2.955058
-31.106945	3.800025
-30.580946	4.650267
-30.06327	5.505595
-30.422193	5.290148
-31.169195	4.625653
-31.931105	3.978344
-32.708074	3.349166
-33.500158	2.739138
-34.307376	2.149293
-35.129698	1.580677
-35.966996	1.034373
-36.819088	0.511454
-37.685706	0.012992
-38.566509	-0.459964
-39.461075	-0.906401
-40.36881	-1.325308
-41.289154	-1.715799
-42.22138	-2.07702
-43.164659	-2.408208
-44.118176	-2.708732
-45.080955	-2.978048
-46.052036	-3.215757
-47.030372	-3.42158
-48.014893	-3.595378
-49.004544	-3.737154
-49.998239	-3.84704
-50.994916	-3.925301
-51.993558	-3.972326
-52.993183	-3.988612
-53.992833	-3.974756
-54.991662	-3.931443
-55.988819	-3.85943
-56.983557	-3.759537
-57.97523	-3.632622
-58.963212	-3.479583
-59.946966	-3.301337
-60.926005	-3.098815
-61.89993	-2.872945
-62.868377	-2.624658
-63.831057	-2.354864
-64.787714	-2.064461
-65.738168	-1.754318
-66.682249	-1.425283
-67.619842	-1.078176
-68.550839	-0.713794
-69.475221	-0.33288
-70.392926	0.063828
-71.237704	0.585214
-71.956922	1.277985
-72.485144	2.12114
-72.561575	3.102164
-72.080364	3.967347
-71.326916	4.62101
-70.469916	5.134609
-69.565356	5.559843
-69.50045	5.896411
-70.468394	6.14673
-71.437429	6.392794
-72.405866	6.64119
-73.373194	6.893902
-74.339087	7.152023
-75.303265	7.416384
-76.265519	7.687785
-77.225522	7.96703
-78.182932	8.255031
-79.137316	8.55284
-80.088181	8.861727
-81.034874	9.183247
-81.976454	9.519316
-82.911793	9.872449
-83.83918	10.245926
-84.756156	10.644251
-85.658877	11.073844
-86.540897	11.544355
-87.390227	12.071325
-88.180969	12.681944
-88.84392	13.426606
-89.161059	14.360327
-88.837762	15.288059
-88.122784	15.981401
-87.27404	16.508072
-86.370515	16.9354
-85.43893	17.297977
-84.490723	17.614774
-83.531708	17.897221
-82.586162	18.155736
-83.488989	18.584914
-84.397723	19.00177
-85.305792	19.42009
-86.212355	19.841682
-87.117033	20.267306
-88.019565	20.697443
-88.919721	21.13249
-89.817313	21.572849
-90.712085	22.018914
-91.603761	22.471119
-92.492038	22.929963
-93.376541	23.396
-94.256891	23.869913
-95.13252	24.35244
-96.002826	24.844504
-96.867031	25.347197
-97.724161	25.861855
-98.572985	26.390143
-99.411809	26.934113
-100.238423	27.496464
-101.049676	28.080729
-101.840971	28.691752
-102.605091	29.336327
-103.330034	30.024553
-103.993456	30.771893
-104.548073	31.602183
-104.879348	32.540389
-104.760284	33.519457
-104.150481	34.300674
-103.309955	34.837705
-102.385839	35.217376
-101.426612	35.498283
-100.450162	35.712369
-99.46428	35.878131
-98.472883	36.007119
-97.478139	36.107032
-96.481261	36.183276
-95.907338	36.387618
-96.663717	37.041447
-97.421111	37.694077
-98.176937	38.348531
-98.930279	39.005841
-99.68062	39.666568
-100.42758	40.331126
-101.170802	40.999854
-101.909937	41.673091
-102.644623	42.351195
-103.374428	43.034528
-104.098898	43.723524
-104.817485	44.41865
-105.529551	45.120454
-106.234336	45.829565
-106.930933	46.546736
-107.618201	47.27283
-108.29476	48.008932
-108.958806	48.756309
-109.608053	49.516602
-110.239379	50.291801
-110.848531	51.084535
-111.429364	51.898238
-111.972532	52.73747
-112.462939	53.608478
-112.873865	54.519363
-113.152936	55.478009
-113.189937	56.472668
-112.81406	57.387128
-112.043899	58.012119
-111.105988	58.351177
-110.11993	58.511374
-109.121707	58.561114
-108.122346	58.537219
-107.125574	58.460729
-106.132604	58.344637
-105.143729	58.197508
-104.158895	58.025297
-103.177924	57.832321
-102.200556	57.621808
-101.226551	57.396252
-100.561167	57.370258
-101.136348	58.188009
-101.720262	58.999559
-102.307718	59.808558
-102.896231	60.616779
-103.484341	61.425316
-104.071004	62.234883
-104.655428	63.046069
-105.236924	63.859361
-105.814845	64.675203
-106.388541	65.494012
-106.957338	66.316227
-107.520494	67.142307
-108.077186	67.972771
-108.626431	68.808174
-109.167076	69.649182
-109.697681	70.496533
-110.216478	71.35118
-110.721147	72.214226
-111.20862	73.087097
-111.674642	73.9716
-112.113039	74.870104
-112.514287	75.785738
-112.862514	76.722713
-113.128088	77.686074
-113.246534	78.677088
-113.057725	79.650224
-112.353282	80.329798
-111.379902	80.527828
-110.384047	80.456237
-109.406082	80.250434
-108.447649	79.966477
-107.505869	79.631138
-106.577903	79.259162
-105.661473	78.859549
-104.754809	78.438221
-103.856543	77.999304
-102.96554	77.54577
-102.080941	77.079874
-101.202032	76.603357
-100.507093	76.31046
-100.929572	77.216608
-101.350528	78.123447
-101.769035	79.031431
-102.184593	79.940764
-102.596874	80.85159
-103.005614	81.764027
-103.410553	82.678132
-103.811463	83.594028
-104.208083	84.511779
-104.600146	85.431478
-104.987363	86.353233
-105.369411	87.277146
-105.745924	88.203326
-106.116502	89.131907
-106.480677	90.063015
-106.837916	90.996786
-107.187629	91.933434
-107.529093	92.873103
-107.861482	93.816004
-108.183825	94.762397
-108.494947	95.712538
-108.793431	96.666732
-109.077526	97.625302
-109.34505	98.588626
-109.593213	99.557107
-109.818375	100.531181
-110.015644	101.511274
-110.178212	102.497679
-110.296215	103.490391
-110.354563	104.488268
-110.328736	105.487304
-110.17616	106.474314
-109.821886	107.405952
-109.171049	108.154547
-108.256688	108.538104
-107.260743	108.569189
-106.27983	108.381862
-105.331628	108.066288
-104.414162	107.669528
-103.522668	107.217211
-102.652805	106.724474
-101.801095	106.200931
-100.964821	105.653071
-100.141806	105.085445
-99.33035	104.501414
-98.529054	103.903499
-97.736798	103.293676
-96.952624	102.673486
-96.175732	102.044177
-95.405478	101.406797
-94.641249	100.762167
-93.882571	100.111026
-93.129009	99.453978
-92.674503	98.771044
-92.676733	99.770657
-92.699038	100.770202
-92.7235	101.769686
-92.747518	102.769198
-92.770067	103.76873
-92.790592	104.768315
-92.808726	105.767932
-92.824188	106.767598
-92.836736	107.767308
-92.846145	108.767068
-92.852193	109.766836
-92.854652	110.766614
-92.853282	111.766411
-92.847824	112.766187
-92.837995	113.76592
-92.823481	114.765613
-92.803933	115.765208
-92.778955	116.764685
-92.748099	117.763996
-92.710851	118.763081
-92.666614	119.761893
-92.614692	120.760337
-92.554265	121.758295
-92.484351	122.755633
-92.403762	123.752158
-92.311039	124.747631
-92.204352	125.741701
-92.081365	126.733893
-91.939015	127.723474
-91.773152	128.709387
-91.577947	129.689891
-91.344781	130.662019
-91.060053	131.620236
-90.700408	132.552663
-90.221188	133.428653
-89.533349	134.145862
-88.585085	134.39301
-87.641728	134.083382
-86.81683	133.521026
-86.076638	132.849582
-85.39305	132.120235
-84.749378	131.355309
-84.135311	130.566382
-83.544037	129.760207
-82.9708	128.941083
-82.412131	128.111964
-81.865359	127.274939
-81.328381	126.431596
-80.799471	125.583173
-80.277157	124.730672
-79.760145	123.874938
-79.247258	123.01673
-78.737365	122.156733
-78.229408	121.295598
-77.722976	120.433564
-77.218074	119.570628
-76.714721	118.706799
-76.212917	117.842054
-75.712673	116.976401
-75.214005	116.109857
-74.716905	115.242408
-74.22137	114.374056
-73.727399	113.504811
-73.234986	112.634691
-72.744113	111.763703
-72.254761	110.891862
-71.766897	110.019179
-71.280493	109.145686
-70.795501	108.271399
-70.311874	107.396362
-69.82955	106.52061
-69.348453	105.644185
-68.868495	104.767133
-68.389576	103.889511
-67.911575	103.011381
-67.434376	102.132841
-66.957806	101.253938
-66.4817	100.374776
-66.005875	99.495473
-65.530116	98.616145
-65.054175	97.736897
-64.5778	96.857886
-64.100715	95.979283
-63.622595	95.101221
-63.14312	94.223906
-62.661932	93.347525
-62.178659	92.472281
-61.692924	91.598423
-61.204313	90.726157
-60.712425	89.855743
-60.216838	88.987415
-59.717156	88.121451
-59.212976	87.258098
-58.70391	86.397609
-58.189609	85.540251
-57.669734	84.686248
-57.144003	83.835855
-56.612147	82.989258
-56.073975	82.146681
-55.529309	81.308275
-54.978043	80.474198
-54.420108	79.644572
-53.855479	78.819484
-53.284174	77.998996
-52.70626	77.183155
-52.121832	76.371971
-51.531017	75.565431
-50.933959	74.763488
-50.330846	73.966104
-49.721854	73.173187
-49.107197	72.38466
-48.487084	71.600418
-47.861733	70.82035
-47.231358	70.044328
-46.596184	69.272235
-45.956428	68.503937
-45.31229	67.73929
-44.663999	66.978185
-44.011732	66.220458
-43.35571	65.466009
-42.696092	64.714677
-42.03307	63.966349
-41.366822	63.22091
-40.697498	62.478224
-40.025253	61.738175
-39.350238	61.000658
-38.672588	60.265556
-37.992433	59.532767
-37.309902	58.802196
-36.625114	58.073747
-35.938169	57.347319
-35.249181	56.622833
-34.558249	55.900206
-33.865466	55.179358
-33.170906	54.460201
-32.474674	53.742683
-31.776831	53.026717
-31.077462	52.31225
-30.376631	51.599214
-29.67441	50.887555
-28.970853	50.177207
-28.266024	49.468124
-27.559979	48.760251
-26.852773	48.053545
-26.144447	47.347949
-25.435061	46.643432
-24.724652	45.939944
-24.013261	45.237443
-23.30093	44.535892
-22.587696	43.835256
-21.873607	43.135509
-21.158681	42.436602
-20.442963	41.738517
-19.726476	41.041214
-19.009255	40.344671
-18.291321	39.648853
-17.572715	38.953746
-16.853444	38.259309
-16.13355	37.565534
-15.413041	36.872383
-14.678868	36.199155
-13.761777	35.801137
-12.831607	35.434701
-11.88753	35.105842
-10.928904	34.822307
-9.955642	34.59425
-8.968859	34.435085
-7.972113	34.362438
-6.973598	34.398747
-5.989559	34.570106
-5.047409	34.900679
-4.183845	35.401373
-3.433232	36.059496
-2.812909	36.842059
-2.319954	37.71095
-1.939381	38.634909
-1.653043	39.592474
-1.444316	40.570012
-1.299471	41.55911
-1.207603	42.554576
-1.160141	43.553167
-1.150332	44.552859
-1.172809	45.552365
-1.223262	46.550853
-1.298189	47.547806
-1.394715	48.542917
-1.351015	49.515581
-0.954292	50.43318
-0.513598	51.330489
-0.029119	52.204944
0.498579	53.054004
1.068586	53.875253
1.679652	54.666437
2.330193	55.425485
3.018368	56.150596
3.742102	56.840225
4.499147	57.493112
5.287149	58.108286
6.103692	58.685051
6.946348	59.222959
7.812711	59.721786
8.700443	60.181509
9.607301	60.60227
10.531132	60.984331
11.469909	61.328063
12.421702	61.633897
13.384722	61.902322
14.357276	62.133842
15.337782	62.328971
16.324755	62.488215
17.316796	62.612055
18.312579	62.700945
19.310842	62.755297
20.310381	62.77548
21.310025	62.761815
22.308656	62.714571
23.305147	62.633962
24.29839	62.520152
25.287285	62.373249
26.270705	62.193308
27.247493	61.98034
28.216488	61.734301
29.17646	61.455106
30.126111	61.142643
31.06411	60.796754
31.989017	60.417275
32.899342	60.004015
33.793464	59.5568
34.66969	59.07546
35.526203	58.559867
36.361086	58.009946
37.172311	57.425701
37.957759	56.807234
38.715211	56.154787
39.44238	55.468764
40.136945	54.749747
40.796558	53.998553
41.647487	53.684095
42.645711	53.684095
43.644428	53.684095
44.645572	53.684095
45.64657	53.684095
46.646321	53.684095
47.645976	53.684095
48.645246	53.684095
49.645172	53.684095
50.645135	53.684095
51.645081	53.684095
52.645156	53.684095
53.644874	53.684095
54.644677	53.684095
55.644193	53.684095
55.747825	53.385961
54.947308	52.787354
54.147165	52.189027
53.346397	51.590232
52.54562	50.991431
51.74493	50.392695
50.944126	49.793873
50.143751	49.195372
49.3427	48.596366
48.541845	47.997506
47.740976	47.398636
46.940728	46.80023
46.139775	46.201297
45.33939	45.602789
44.538341	45.003784
43.73771	44.405092
42.937147	43.80645
42.136227	43.207542
41.335755	42.608969
40.534922	42.010126
39.734102	41.411292
38.933674	40.812751
38.132857	40.21392
37.326941	39.611276
36.567637	38.970814
35.81892	38.308841
35.085951	37.628525
34.370447	36.930335
33.673058	36.213777
32.995031	35.478975
32.337565	34.726095
31.701409	33.954842
31.087673	33.165395
30.497735	32.358425
29.932317	31.533866
29.392547	30.692348
28.879289	29.834299
28.393543	28.960594
27.935896	28.07161
27.507162	27.168408
27.107938	26.251954
26.738529	25.322861
26.39937	24.382392
26.090623	23.431504
25.812368	22.471303
25.564536	21.502861
25.346881	20.526968
25.159174	19.544956
25.001003	18.557835
24.871842	17.566439
24.771117	16.57173
24.698181	15.574639
24.652319	14.576046
24.989984	13.99488
25.974939	14.166343
26.95905	14.343146
27.942036	14.525272
28.924199	14.712812
29.905113	14.905715
30.885071	15.104073
31.863792	15.307861
32.841559	15.517171
33.81795	15.731945
34.793103	15.952245
35.767146	16.178133
36.739798	16.409576
37.711051	16.646602
38.680892	16.889238
39.649435	17.137545
40.616402	17.391483
41.581902	17.65111
42.545785	17.916414
43.508153	18.187454
44.468851	18.464216
45.427974	18.746756
46.385244	19.035021
47.340869	19.329101
48.294573	19.628939
49.246553	19.934624
50.196533	20.246093
51.144587	20.563397
52.09078	20.886583
53.034838	21.215584
53.976932	21.550484
54.916789	21.891208
55.854572	22.237839
56.79022	22.590379
57.723565	22.948787
58.654547	23.313059
59.583308	23.683273
60.509675	24.059381
61.433579	24.441374
62.355047	24.829281
63.274004	25.223089
64.190469	25.622825
65.104264	26.028427
66.015405	26.439918
66.923898	26.857315
67.829657	27.280594
68.732681	27.709768
69.632877	28.144805
70.53015	28.585672
71.42458	29.032416
72.316064	29.484999
73.204583	29.94342
74.090115	30.407676
74.972468	30.877673
75.851779	31.35349
76.727931	31.83507
77.600965	32.322441
78.470683	32.815495
79.337193	33.314297
80.20037	33.818775
81.060159	34.328898
81.91665	34.84472
82.769707	35.366156
83.619261	35.893164
84.465385	36.425784
85.308	36.963963
86.147025	37.507643
86.982511	38.056852
87.814298	38.611477
88.642492	39.171579
89.466989	39.73708
90.287749	40.307941
91.104787	40.884159
91.918047	41.465685
92.727529	42.052505
93.533166	42.644554
94.334942	43.241806
95.132891	43.844269
95.926869	44.451816
96.716948	45.064485
97.50308	45.682216
98.285209	46.304947
99.063376	46.932686
99.837508	47.565353
100.607623	48.202938
101.373679	48.845382
102.135674	49.492656
102.89359	50.144721
103.647357	50.801485
104.397027	51.462966
105.142595	52.129131
105.883996	52.799889
106.621241	53.47522
107.354283	54.155048
108.083187	54.839398
108.807874	55.528164
109.528335	56.221299
110.244619	56.918815
110.956714	57.620665
111.664519	58.32671
112.368134	59.03701
113.067525	59.751492
113.762638	60.470061
114.453535	61.192738
115.140181	61.919447
115.822585	62.650151
116.500724	63.384785
117.174614	64.123319
117.844264	64.86572
118.509653	65.611918
119.170812	66.3619
119.827733	67.115611
120.480397	67.872982
121.128823	68.633985
121.773014	69.398574
122.412971	70.166701
123.048696	70.938317
123.68023	71.71342
124.30753	72.491908
124.930649	73.273792
125.54955	74.058973
126.164268	74.847443
126.774802	75.639144
127.381195	76.434082
127.983421	77.232163
128.58146	78.033308
129.175394	78.837569
129.76521	79.644872
130.350895	80.455144
130.932477	81.268364
131.509994	82.08453
132.083394	82.903507
132.65275	83.725343
133.218061	84.549977
133.779344	85.377374
134.33659	86.20746
134.88984	87.040239
135.439078	87.875623
135.984355	88.71363
136.525681	89.554214
137.063044	90.397296
137.596492	91.24289
138.126017	92.090918
138.651664	92.941392
139.173422	93.794233
139.69132	94.649422
140.205388	95.506949
140.715625	96.366748
141.222042	97.228774
141.724682	98.093035
142.223533	98.959447
142.718664	99.828068
143.210035	100.698762
143.697691	101.571543
144.181663	102.446402
144.661951	103.323277
145.459875	103.920701
146.282505	104.488857
147.121935	105.03181
147.981219	105.542728
148.864225	106.011404
149.775693	106.421697
150.720783	106.746331
151.701174	106.935704
152.696745	106.898401
153.610709	106.512231
154.281923	105.780231
154.683433	104.867582
154.894902	103.891421
154.982882	102.895919
154.987139	101.896357
154.931342	100.898241
154.830349	99.903629
154.69402	98.913222
154.529222	97.927137
154.34092	96.94523
154.132851	95.967366
153.907863	94.993235
153.668206	94.022586
153.415693	93.055225
153.151788	92.090889
152.877715	91.129412
152.594488	90.170577
152.302969	89.214221
152.003906	88.260217
151.697928	87.308399
151.385592	86.35865
151.067388	85.410866
150.74373	84.464909
150.415001	83.520686
150.081555	82.578162
149.743669	81.637179
149.40164	80.697729
149.055692	79.759688
148.706063	78.823032
148.352947	77.887675
147.996533	76.953572
147.85709	76.266852
148.747756	76.721053
149.646318	77.159322
150.553906	77.578699
151.471707	77.975131
152.401268	78.343053
153.344478	78.674432
154.30335	78.956971
155.279748	79.170667
156.272807	79.280038
157.268511	79.216983
158.194608	78.858308
158.852675	78.120133
159.134089	77.166118
159.154464	76.168113
159.023187	75.177557
158.798064	74.203703
158.509718	73.246521
158.175829	72.304211
157.807426	71.374811
157.411863	70.456638
156.994271	69.548256
156.558392	68.64849
156.10705	67.75639
155.642418	66.871139
155.166205	65.992048
154.679804	65.118558
154.184348	64.250182
153.680764	63.386477
153.169847	62.527088
152.652275	61.671711
152.128602	60.820033
151.599335	59.971823
151.064903	59.126856
150.525694	58.284953
149.982015	57.445893
149.43419	56.609562
148.882464	55.775784
148.327092	54.944459
147.768254	54.115418
147.206184	53.288612
146.64101	52.463876
146.07292	51.641161
145.502058	50.820381
144.928549	50.001446
144.352513	49.184282
143.774065	48.368824
143.193298	47.554996
142.610328	46.742763
142.025239	45.932065
141.438097	45.122823
140.849003	44.315016
140.258037	43.508602
139.665247	42.703503
139.070715	41.899685
138.474523	41.097118
137.876717	40.295719
137.277405	39.495472
136.676667	38.696308
136.074589	37.89812
135.471329	37.100825
134.867114	36.304281
134.262303	35.508191
133.889912	34.898846
134.798882	35.315222
135.710806	35.725105
136.625906	36.127768
137.544516	36.522382
138.466989	36.907931
139.393698	37.283153
140.325124	37.646493
141.261822	37.995971
142.204499	38.329024
143.153954	38.642202
144.11116	38.93072
145.077327	39.187652
146.053678	39.402305
147.041234	39.556918
148.038529	39.618563
149.031106	39.517268
149.927194	39.096312
150.411468	38.243167
150.406421	37.248769
150.152288	36.283088
149.775024	35.357603
149.326169	34.464429
148.830344	33.596334
148.301144	32.748146
147.746842	31.916122
147.172872	31.097521
146.583016	30.290292
145.980003	29.492836
145.365884	28.703894
144.742236	27.922449
144.110326	27.1477
143.471131	26.378925
142.825485	25.615567
142.174059	24.857123
141.517442	24.103192
140.856092	23.353382
140.190442	22.607394
139.520851	21.864947
138.847636	21.125802
138.171049	20.389715
137.491356	19.656515
136.808754	18.926009
136.123434	18.198034
135.43559	17.472473
134.74536	16.749176
134.052882	16.028023
133.3583	15.308922
132.661695	14.591736
131.963206	13.87641
131.262914	13.162841
130.560914	12.450956
129.857293	11.740688
129.152112	11.031954
128.445451	10.3247
127.737366	9.618859
127.027939	8.914397
126.317189	8.211224
125.60522	7.509344
124.892021	6.808651
124.177687	6.109151
124.329874	5.735277
125.326999	5.662737
126.322141	5.566783
127.314209	5.443006
128.301469	5.285518
129.281085	5.086208
130.24823	4.833479
131.193966	4.510106
132.100317	4.089673
132.928258	3.532073
133.591528	2.789255
133.948663	1.862608
133.932198	0.867969
133.634658	-0.084259
133.168042	-0.967485
132.599343	-1.789307
131.964647	-2.56154
131.284296	-3.293982
130.57057	-3.994009
129.831378	-4.667119
129.072071	-5.317478
128.296438	-5.948292
127.507246	-6.56208
126.706601	-7.160841
125.896109	-7.74621
125.077035	-8.319529
124.250418	-8.881897
123.417074	-9.434258
122.577678	-9.977406
121.732833	-10.511994
120.882987	-11.038621
120.028555	-11.557779
119.169891	-12.069895
118.307269	-12.575353
117.440979	-13.074459
116.571227	-13.5675
115.698192	-14.054724
114.822044	-14.536335
113.942928	-15.012503
113.060965	-15.483374
112.176261	-15.949063
111.288893	-16.409663
110.398924	-16.865238
109.506423	-17.315813
108.61142	-17.761397
107.713935	-18.201963
106.813985	-18.637443
105.911525	-19.067746
105.006548	-19.492709
104.098981	-19.912128
103.188753	-20.325712
102.275723	-20.733085
101.359724	-21.133736
100.44051	-21.526976
99.517778	-21.911835
98.59102	-22.286956
97.659593	-22.650258
96.722409	-22.998426
95.777642	-23.325472
94.821799	-23.618314
93.84613	-23.833032
94.521854	-24.142687
95.452514	-24.507923
96.37079	-24.903198
97.271687	-25.336509
98.146663	-25.81989
98.979361	-26.372501
99.734008	-27.026602
100.318451	-27.8328
100.510626	-28.801052
100.162675	-29.727421
99.496716	-30.469273
98.697344	-31.068326
97.834625	-31.572949
96.936589	-32.012021
96.016419	-32.402785
95.081221	-32.756157
94.135174	-33.079475
93.180991	-33.377888
92.220447	-33.655174
91.254787	-33.914182
90.284984	-34.157094
89.311677	-34.385652
88.335394	-34.601239
87.356592	-34.804968
86.375572	-34.997762
85.392601	-35.180377
84.407905	-35.353435
83.421664	-35.517454
82.43404	-35.672857
81.445139	-35.819995
80.455072	-35.959147
79.463957	-36.090528
78.471863	-36.214301
77.478861	-36.330576
76.48501	-36.439413
75.490379	-36.540818
74.495022	-36.634748
73.498967	-36.721106
72.502278	-36.799734
71.504986	-36.870408
70.507155	-36.932827
69.508815	-36.986601
68.510016	-37.031231
67.510848	-37.066077
66.511348	-37.090331
65.511651	-37.102949
64.511871	-37.102576
63.512204	-37.087417
62.512957	-37.05503
61.514593	-37.001972
60.517941	-36.923157
59.524583	-36.81055
58.5379	-36.650143
57.566967	-36.413445
56.648743	-36.024555
56.133284	-35.719889
56.059997	-36.716961
55.953517	-37.711015
55.809029	-38.700235
55.620711	-39.682016
55.381511	-40.652645
55.082986	-41.606639
54.715235	-42.536046
54.267213	-43.429407
53.727881	-44.270602
53.088694	-45.038419
52.347569	-45.708093
51.512652	-46.256236
50.602635	-46.667894
49.641768	-46.941179
48.653149	-47.085875
47.654311	-47.118203
46.656788	-47.055742
45.667241	-46.914553
44.689138	-46.70816
43.724033	-46.447531
42.772327	-46.141423
41.83387	-45.796837
40.908124	-45.419356
39.994448	-45.013495
39.092151	-44.582935
38.200517	-44.13069
37.318868	-43.659264
36.44656	-43.170752
35.583012	-42.666931
34.727662	-42.149299
33.945186	-41.796971
33.630665	-42.74596
33.284639	-43.683909
32.902282	-44.607627
32.477667	-45.512656
32.003517	-46.392675
31.470984	-47.23856
30.869728	-48.036896
30.188709	-48.76811
29.418816	-49.404617
28.558414	-49.91139
27.620485	-50.253176
26.634443	-50.408961
25.636241	-50.382787
24.654331	-50.199168
23.704294	-49.889539
22.791528	-49.482461
21.915877	-49.000433
21.074782	-48.460207
20.264952	-47.87409
19.48306	-47.251132
18.726069	-46.598104
17.9913	-45.92014
17.276439	-45.221214
16.579479	-44.504436
15.898687	-43.772278
15.232562	-43.026732
14.579814	-42.269438
13.939328	-41.501764
13.310099	-40.724824
12.691264	-39.939577
12.08205	-39.146833
11.481787	-38.3473
10.889856	-37.541572
10.305719	-36.73018
9.728886	-35.913583
9.158909	-35.09218
8.59539	-34.266331
8.037968	-33.436359
7.486305	-32.602541
6.940105	-31.765142
6.399087	-30.924388
5.862985	-30.080474
5.331575	-29.233604
4.804635	-28.383944
4.257943	-27.54741
3.659337	-26.746726
3.02036	-25.977968
2.330657	-25.254525
1.576149	-24.59935
0.73942	-24.054236
-0.191056	-23.6961
-1.183878	-23.638633
-2.131106	-23.941485
-2.94248	-24.520846
-3.615648	-25.258468
-4.181122	-26.082345
-4.666396	-26.956173
-5.090971	-27.86118
-5.71753	-28.620529
-6.449701	-29.301296
-7.20205	-29.959677
-7.974779	-30.594011
-8.767973	-31.20257
-9.58156	-31.783557
-10.415348	-32.335174
-11.268929	-32.855597
-12.14177	-33.343073
-13.033065	-33.79588
-13.94187	-34.212442
-14.86701	-34.591327
-15.807138	-34.931303
-16.760761	-35.231381
-17.726228	-35.490825
-18.701802	-35.709193
-19.685696	-35.886339
-20.676115	-36.022411
-21.671277	-36.117836
-22.669462	-36.173302
-23.669051	-36.189725
-24.66856	-36.168214
-25.666599	-36.110035
-26.661967	-36.016571
-27.653576	-35.889287
-28.640503	-35.729698
-29.621969	-35.53934
-29.977479	-36.180765
-30.071156	-37.176164
-30.160947	-38.171919
-30.246846	-39.168011
-30.328847	-40.164433
-30.406943	-41.161164
-30.481128	-42.158201
-30.551397	-43.155517
-30.617745	-44.153109
-30.680164	-45.150948
-30.738652	-46.149024
-30.793202	-47.147324
-30.84381	-48.145838
-30.890472	-49.14453
-30.933184	-50.143418
-30.971941	-51.142449
-31.006741	-52.141639
-31.037579	-53.140955
-31.064452	-54.140377
-31.087359	-55.13991
-31.106295	-56.139525
-31.121258	-57.139201
-31.132247	-58.138928
-31.139259	-59.138694
-31.142293	-60.138481
-31.141347	-61.138268
-31.13642	-62.138046
-31.127511	-63.137802
-31.11462	-64.137511
-31.097745	-65.137161
-31.076888	-66.136732
-31.052047	-67.136211
-31.023224	-68.135578
-30.990419	-69.134828
-30.953632	-70.133955
-30.912865	-71.132902
-30.868119	-72.131702
-30.819397	-73.130293
-30.766698	-74.1287
-30.710026	-75.126888
-30.649384	-76.124833
-30.584773	-77.12253
-30.516197	-78.119966
-30.443657	-79.117128
-30.36716	-80.113981
-30.286706	-81.110537
-30.202301	-82.106755
-30.113949	-83.102634
-30.021653	-84.098156
-29.925419	-85.0933
-29.825251	-86.088053
-29.721153	-87.082422
-29.613133	-88.076351
-29.501194	-89.069854
-29.385343	-90.062916
-29.265586	-91.055504
-29.141927	-92.047625
-29.014376	-93.03924
-28.882937	-94.030358
-28.747619	-95.020943
-28.608428	-96.010995
-28.465369	-97.000505
-28.318452	-97.989444
-28.167686	-98.977802
-28.013077	-99.965559
-27.864719	-100.953384
-27.902164	-101.952461
-27.961116	-102.950487
-28.045176	-103.946709
-28.158992	-104.939955
-28.308711	-105.928416
-28.502667	-106.909106
-28.752509	-107.876993
-29.07495	-108.823006
-29.49435	-109.72989
-30.044765	-110.562883
-30.763371	-111.253836
-31.65333	-111.699215
-32.64008	-111.8325
-33.628173	-111.695134
-34.573361	-111.372363
-35.469061	-110.929285
-36.320519	-110.405721
-37.134645	-109.825641
-37.917572	-109.204005
-38.674245	-108.550623
-39.408585	-107.87221
-40.123709	-107.173548
-40.82211	-106.458156
-41.505809	-105.728699
-42.176473	-104.987234

