152.11776813123248,104.34707693570161
151.99523093639488,104.22844548503971
151.99523093639488,104.22844548503971
151.59397594454006,103.53460275544626
151.59397594454006,103.53460275544626
151.49086897284863,103.42517817652413
-40.10593171257702,27.306419024632472
-42.02848131332922,27.630789749850678
-44.00574191585325,27.903380159745243
-42.02848131332922,27.630789749850678
-34.736398068918746,-102.94651931259529
-35.165607828303635,-101.92014157130454
-35.165607828303635,-101.92014157130454
-35.199458966783745,-101.80773244709164
-33.24865827064225,-107.05750839782145
-32.99056341261593,-107.62973844657225
-32.937222784292,-107.85439588062349
-32.99056341261593,-107.62973844657225
-32.74332924043431,-108.28030181910194
-32.937222784292,-107.85439588062349
-33.41787892368322,-106.40489556700673
-33.24865827064225,-107.05750839782145
-32.53135493192629,-108.56139609325344
-32.74332924043431,-108.28030181910194
-87.303307444696,-97.83018100636971
-87.13015335078117,-97.25629518460757
-70.74681972163069,-106.40110973375978
-70.40271209114427,-105.87202774563995
-70.40271209114427,-105.87202774563995
-70.30201905093368,-105.5525816326958
-89.2346872802448,49.17133635600713
-87.97585880738679,49.33118828066392
-81.65141077392366,50.4748626240585
-87.97585880738679,49.33118828066392
-88.50003739705835,132.36324533392192
-88.53223803939817,132.17169787063497
54.66125740679938,53.55924105149577
54.090359132953125,52.78387631783913
54.090359132953125,52.78387631783913
53.08952382700943,52.819148332466746
96.13895251405908,-28.643977990279225
95.62107349116918,-28.559537562594805
95.62107349116918,-28.559537562594805
94.7213904168362,-28.599688571683917
96.13895251405908,-28.643977990279225
97.05621372603153,-28.587347662328256
97.40375663049188,-28.658817091762465
97.05621372603153,-28.587347662328256
89.01698365526742,5.310748541365783
88.08723600846075,4.878919444183612
-38.39104263872735,-95.66353722238344
-39.54093748843176,-94.16451257938176
-36.56727817501205,-98.74877993396707
-37.392122830247374,-97.20283898591579
-38.39104263872735,-95.66353722238344
-37.392122830247374,-97.20283898591579
-33.73450254053793,-105.67655530560886
-33.856460537683354,-105.23418508818231
-33.73450254053793,-105.67655530560886
-33.41787892368322,-106.40489556700673
-34.624694359203204,-103.32855152773263
-34.29651745232265,-104.10382725244905
-34.20890822681908,-104.40915812785552
-34.29651745232265,-104.10382725244905
-34.736398068918746,-102.94651931259529
-34.624694359203204,-103.32855152773263
-33.856460537683354,-105.23418508818231
-34.20890822681908,-104.40915812785552
25.21668661888375,47.821052878558405
24.37892790320091,47.63042314647597
24.37892790320091,47.63042314647597
23.56186590291533,47.39929738362254
105.19426189868396,21.202497837854082
103.92247642504893,19.942730607057456
102.67864501093312,18.631886208862788
103.92247642504893,19.942730607057456
99.10239552022546,14.374065695972547
97.95809669088618,12.839267217382346
95.73457851758636,9.581923516468258
96.83583855135826,11.242762565519758
97.95809669088618,12.839267217382346
96.83583855135826,11.242762565519758
-50.745517257778666,-106.82813289896387
-50.80283255569901,-107.15060689581557
-50.745517257778666,-106.82813289896387
-50.74306688942475,-106.6599491598992
-50.74306688942475,-106.6599491598992
-50.748641785462915,-106.62014737089066
-50.739327873854,-105.83582011103613
-50.748641785462915,-106.62014737089066
150.23884263056672,101.36041925352905
150.82174130118565,102.33731951218874
150.8996597436231,102.42629124738927
150.82174130118565,102.33731951218874
150.1044913783193,101.20004789593293
150.23884263056672,101.36041925352905
151.49086897284863,103.42517817652413
150.8996597436231,102.42629124738927
156.3517142169995,76.46803564703087
157.01875020899584,77.14175035084544
150.1044913783193,101.20004789593293
149.54577407432703,100.26894984154099
149.38581621325108,100.07231206127543
149.54577407432703,100.26894984154099
148.04650499874225,100.2447183995228
148.99664834349824,99.42729462986685
149.38581621325108,100.07231206127543
148.99664834349824,99.42729462986685
-81.1370185517795,103.04534237243055
-80.94938633247418,102.26233008001056
-80.94938633247418,102.26233008001056
-80.73947600358093,101.58277253103205
-80.73947600358093,101.58277253103205
-80.53510571470032,100.73339777179466
-80.34341830408992,100.11361335087616
-80.53510571470032,100.73339777179466
-87.27722929559313,126.86841525835897
-87.33269722305333,127.01024813329758
-87.60326696153184,128.26958781972905
-87.33269722305333,127.01024813329758
-113.44915862072362,-41.46638059550202
-113.07113299630606,-41.5061830230911
-111.98050397735788,-41.51949162653408
-113.07113299630606,-41.5061830230911
-57.28692788440722,35.066735542816204
-58.336424789524905,36.345701198052296
-59.42248315056378,37.60442211277168
-58.336424789524905,36.345701198052296
-59.53335706245399,37.7266618593164
-60.532528747487916,38.8553495588522
-75.71496789954787,37.4028347037069
-66.04147443609975,44.26918754488542
-64.0899740304641,42.49223721593282
-65.35663801936603,43.66543229080311
-64.0899740304641,42.49223721593282
-62.86452885892164,41.299704893376756
-62.86452885892164,41.299704893376756
-61.679075092430374,40.08749893372189
-65.35663801936603,43.66543229080311
-66.04147443609975,44.26918754488542
-60.532528747487916,38.8553495588522
-61.679075092430374,40.08749893372189
-23.52053349791881,-17.539364506266722
-23.026280792703346,-17.301694871655577
-110.49548099213823,-41.66861409189198
-108.99567902841957,-41.94767095542785
-110.49548099213823,-41.66861409189198
-111.98050397735788,-41.51949162653408
-55.83072046366806,11.16100913669976
-57.009210864722846,9.768593229272827
-51.18158933554699,29.73962973627357
-50.01064006992133,28.66354592752578
-67.31386142815364,46.56343486372846
-68.22504845972088,48.0862179355403
-68.22504845972088,48.0862179355403
-69.17488223381206,49.586618474121906
-38.237861874614936,26.93029325311432
-40.10593171257702,27.306419024632472
-37.475212763504565,-24.727121841206962
-38.88091304928642,-25.87409261807592
-50.50007187690919,-41.437765205798044
-49.7483871706593,-40.25734810212388
-49.44455606226594,-39.81918011920812
-49.7483871706593,-40.25734810212388
-23.52053349791881,-17.539364506266722
-23.694436352140343,-17.614419405673992
-24.227115469149602,-17.87069575650862
-23.694436352140343,-17.614419405673992
-22.523346903098016,-17.022909883390387
-22.74128919500467,-17.15020096063609
-23.026280792703346,-17.301694871655577
-22.74128919500467,-17.15020096063609
-53.70521914020728,-46.19723364427261
-54.81193134271443,-47.803203142235404
-53.70521914020728,-46.19723364427261
-53.60592424532703,-46.042416258310865
-53.60592424532703,-46.042416258310865
-52.61325138302505,-44.60241035162856
91.06595811431222,6.317277617503088
90.00809062074697,5.792072743880059
91.06595811431222,6.317277617503088
91.29285208716063,6.437351136311989
89.67124727948082,5.6356045967590305
90.00809062074697,5.792072743880059
88.08723600846075,4.878919444183612
88.03895347348647,4.858011621915136
87.20223124055906,4.469466198345188
88.03895347348647,4.858011621915136
89.01698365526742,5.310748541365783
89.67124727948082,5.6356045967590305
-42.26634069634684,-91.29217777172957
-43.872214617769586,-89.8805200481879
-42.26634069634684,-91.29217777172957
-40.831640098646744,-92.71080565470217
-39.54093748843176,-94.16451257938176
-40.831640098646744,-92.71080565470217
-50.84107110424101,-82.44900101408012
-49.80730874182238,-84.0042753101982
-48.862221356185195,-85.55233722346833
-49.80730874182238,-84.0042753101982
-22.523346903098016,-17.022909883390387
-22.28860649035095,-16.872979734749386
-52.53202779550821,-75.94597356804856
-53.06302247123077,-74.31621216617242
-53.656958536216905,-72.68429022447386
-53.06302247123077,-74.31621216617242
-52.06330680424922,-77.5748014311325
-52.53202779550821,-75.94597356804856
-52.06330680424922,-77.5748014311325
-51.656286864781926,-79.20392617559686
-108.05175192192628,-57.16872643884865
-106.92151026929386,-56.683159945985096
-81.05404995387472,-61.08850183806814
-94.07875859342207,-70.16360492965634
-96.27409521743057,-71.84128463116384
-94.07875859342207,-70.16360492965634
-14.230502601109654,15.729633186113858
-10.88341885748487,13.323549238188626
39.34598223667705,-12.71346247563483
38.29617193708156,-13.208996862464694
37.70712842176678,-13.223100567069253
38.29617193708156,-13.208996862464694
35.994580518838134,-13.308888361739026
37.70712842176678,-13.223100567069253
36.74353757526692,48.15386801200829
38.04732675560226,48.288241853408486
38.50680457806898,48.28402357624556
38.04732675560226,48.288241853408486
49.29195342649626,-9.108289029204219
51.00757425864704,-8.664644265566576
21.279288068853507,46.60311176748546
20.758868984040014,46.36998665045648
21.279288068853507,46.60311176748546
22.011823616533896,46.8906345183707
22.011823616533896,46.8906345183707
22.77194903820577,47.147484165339876
22.77194903820577,47.147484165339876
23.05503067296936,47.22784143212127
51.00757425864704,-8.664644265566576
52.740997704452255,-8.26638853850758
23.56186590291533,47.39929738362254
23.05503067296936,47.22784143212127
137.90399502205454,69.43885937090367
137.96497944353163,71.40669522305173
138.14565380204252,73.2639556002586
137.96497944353163,71.40669522305173
139.3950164109922,78.23219407853391
140.04661607987416,79.70357712521998
138.44462943094288,75.01700314775013
138.86114356794118,76.67144110708851
138.14565380204252,73.2639556002586
138.44462943094288,75.01700314775013
139.3950164109922,78.23219407853391
138.86114356794118,76.67144110708851
146.28466047124274,92.55935647100377
146.84954630576595,93.86828299328594
146.87302078515194,93.94640053297807
146.84954630576595,93.86828299328594
146.2566195708998,92.51035558917951
146.28466047124274,92.55935647100377
146.87302078515194,93.94640053297807
147.40254136502094,95.17293881589735
100.26982131552268,15.84960662023687
101.46150860452035,17.268171545267787
99.10239552022546,14.374065695972547
100.26982131552268,15.84960662023687
102.67864501093312,18.631886208862788
101.46150860452035,17.268171545267787
109.18326810774121,24.684927030265033
109.27891393845701,24.75822265392816
109.27891393845701,24.75822265392816
110.50948553240087,25.83590854427368
106.49444773214907,22.41204045963981
107.82363804514586,23.572320509068934
105.19426189868396,21.202497837854082
106.49444773214907,22.41204045963981
109.18326810774121,24.684927030265033
107.82363804514586,23.572320509068934
136.79764029238186,28.81435803099526
135.5380354587523,27.9900214493769
137.95795339471448,29.718695424297263
137.66149057538024,29.531971548101946
136.79764029238186,28.81435803099526
137.66149057538024,29.531971548101946
135.5380354587523,27.9900214493769
134.14538085886278,27.278817054919188
111.8223153120669,26.99808607823272
111.88565658296446,27.053567673087624
112.47138664614174,28.97965621784069
111.88565658296446,27.053567673087624
112.47138664614174,28.97965621784069
113.13104402501811,30.911153818281967
113.13104402501811,30.911153818281967
113.83508353203992,32.755157966736625
113.83508353203992,32.755157966736625
114.58390166654553,34.51629705606629
114.58390166654553,34.51629705606629
115.37802654431357,36.19876893182979
115.37802654431357,36.19876893182979
116.21811392139355,37.80638238018177
116.21811392139355,37.80638238018177
117.10494438689918,39.342593544592724
117.10494438689918,39.342593544592724
118.03942163305781,40.81053794142337
118.03942163305781,40.81053794142337
119.02257173191866,42.21305864101338
94.50828478645323,8.102794372120616
94.37404614140763,8.027270650114662
94.37404614140763,8.027270650114662
93.26860273419514,7.442368103033186
92.90430576520929,7.261505400170211
93.26860273419514,7.442368103033186
94.95789832174495,8.340692619166695
94.50828478645323,8.102794372120616
94.95789832174495,8.340692619166695
95.73457851758636,9.581923516468258
92.1656788099139,6.870668389937723
91.29285208716063,6.437351136311989
92.1656788099139,6.870668389937723
92.90430576520929,7.261505400170211
-128.13414251125272,-40.580867749212324
-127.88093415288944,-40.63348050479299
-127.88093415288944,-40.63348050479299
-127.38685836961017,-40.59601315370509
-36.52076765224832,-98.85915615695659
-35.92518927875775,-99.99578245585751
-35.92518927875775,-99.99578245585751
-35.56489798353494,-100.88133400008249
-35.5108728466915,-101.06446911307123
-35.56489798353494,-100.88133400008249
-35.199458966783745,-101.80773244709164
-35.5108728466915,-101.06446911307123
-36.56727817501205,-98.74877993396707
-36.52076765224832,-98.85915615695659
148.66792330830904,98.55597466939523
148.8959975657846,99.07785399142794
148.66792330830904,98.55597466939523
148.44235901915815,97.77556908284787
148.99664834349824,99.42729462986685
148.8959975657846,99.07785399142794
-110.14124897720176,55.5258345392619
-110.75648133509542,55.950391025603324
-110.94356717647804,56.00598908969237
-110.75648133509542,55.950391025603324
-103.3697298688846,71.2739871061756
-102.20332398601212,70.32587768739275
-95.23516832960546,89.26864501082673
-96.41140682892471,90.33070859345307
-99.43404677452652,94.27863331783571
-99.63372487245744,94.57650644378889
-81.1370185517795,103.04534237243055
-81.34963829663172,103.73115112178263
-87.60326696153184,128.26958781972905
-87.65658602839719,128.3984015403217
-87.91542808394622,129.6191219198747
-87.65658602839719,128.3984015403217
-87.27722929559313,126.86841525835897
-87.00374786872766,125.60236044306377
-87.00374786872766,125.60236044306377
-86.92697375763964,125.39715036302688
-86.20930801109263,122.44112538633105
-86.30627236427684,122.71640286591777
-86.30627236427684,122.71640286591777
-86.5695133915564,123.91647426021706
-86.92697375763964,125.39715036302688
-86.65825450222266,124.1618601719927
-86.65825450222266,124.1618601719927
-86.5695133915564,123.91647426021706
-81.34963829663172,103.73115112178263
-81.53591563467893,104.51221790946151
20.578545404034955,46.29904160807666
19.91123631135129,46.00023951624593
-85.1056028101112,118.0019876280902
-84.85548321396344,116.89726689302873
-84.85548321396344,116.89726689302873
-84.72661656986654,116.5062001878198
-20.57028844984626,-15.343113142047994
-19.496620284452064,-13.824709450603518
-97.86454757732243,31.473965886587926
-98.83739341592798,31.68714123714975
-97.86454757732243,31.473965886587926
-97.49522610251245,31.32581913832658
-113.44915862072362,-41.46638059550202
-114.11432987612599,-41.45736482999789
-114.11432987612599,-41.45736482999789
-114.91677751984737,-41.37153382022877
-108.99567902841957,-41.94767095542785
-107.48572413946587,-42.35449675221238
-71.76853445679569,-58.19066736506579
-69.62171346894853,-57.990387310583415
-71.76853445679569,-58.19066736506579
-73.88123768983719,-58.44379283102873
-73.88123768983719,-58.44379283102873
-75.96594133183915,-58.74948018574112
-77.80726480525911,-58.720041423190494
-76.92454464783296,-58.915997159075886
-77.80726480525911,-58.720041423190494
-78.10889873180282,-58.511562249104166
-76.92454464783296,-58.915997159075886
-75.96594133183915,-58.74948018574112
-80.35927074283315,-57.04405745550203
-78.10889873180282,-58.511562249104166
-82.5164384214415,-55.72391743961928
-80.35927074283315,-57.04405745550203
-46.234466210156626,-34.75513154055478
-46.1852260257556,-34.68516052245271
-46.1852260257556,-34.68516052245271
-45.11425646178435,-33.000145463706254
-52.61325138302505,-44.60241035162856
-52.27851954069461,-44.07893861338826
-52.27851954069461,-44.07893861338826
-51.54613418486393,-43.017691811570586
-50.50007187690919,-41.437765205798044
-50.993448664629675,-42.1512966753713
-50.993448664629675,-42.1512966753713
-51.54613418486393,-43.017691811570586
-47.60582275034357,-36.947204513675366
-48.39731007241623,-38.19208772333751
-47.60582275034357,-36.947204513675366
-47.377122897717214,-36.55043441781181
-48.39731007241623,-38.19208772333751
-48.54002510558188,-38.39714417573758
-46.234466210156626,-34.75513154055478
-47.377122897717214,-36.55043441781181
-49.44455606226594,-39.81918011920812
-48.54002510558188,-38.39714417573758
-52.38393131759087,30.789986883687614
-53.62404039642813,31.819676762101057
-51.18158933554699,29.73962973627357
-52.38393131759087,30.789986883687614
2.9507241352895024,48.48351721783869
4.5301742137583485,48.36048771123422
-66.4401306395493,45.017123333726275
-66.04147443609975,44.26918754488542
-67.31386142815364,46.56343486372846
-66.4401306395493,45.017123333726275
-31.8260073271407,25.07942590921199
-33.210378224445584,25.567281075744518
-24.227115469149602,-17.87069575650862
-24.478772954106976,-17.979219050508846
-25.27588029292101,-23.240742831973883
-24.478772954106976,-17.979219050508846
-52.50292144171868,16.1243795456199
-51.984040827057775,17.109751852593647
-34.4567993613261,-22.659057351486023
-36.00272636788054,-23.657028837509692
-37.475212763504565,-24.727121841206962
-36.00272636788054,-23.657028837509692
-51.984040827057775,17.109751852593647
-51.56741463728718,17.975138646799646
-41.516976444733544,-28.422848538824468
-40.22615065910312,-27.103694944860624
-52.50292144171868,16.1243795456199
-53.136970311565186,15.023213559545592
-53.89759243655371,13.816423254811818
-53.136970311565186,15.023213559545592
-38.88091304928642,-25.87409261807592
-40.22615065910312,-27.103694944860624
48.35355866171861,-40.57421059884098
48.187973698530826,-40.23967520869097
47.92437490407408,-39.829918870911385
48.187973698530826,-40.23967520869097
94.7213904168362,-28.599688571683917
94.29719776596964,-28.538285708151953
94.29719776596964,-28.538285708151953
93.29742588396937,-28.570358259680283
56.268305228474176,-7.605658304116471
58.06590116508413,-7.343207778403716
63.60229661377964,-6.830887928849776
61.73183924600734,-6.955574259545649
32.581467492328784,48.36831817946527
34.81269018550399,48.15900432165138
58.06590116508413,-7.343207778403716
59.88701756803348,-7.126404492351078
36.74353757526692,48.15386801200829
34.81269018550399,48.15900432165138
32.46000482818957,48.38922916629706
32.581467492328784,48.36831817946527
61.73183924600734,-6.955574259545649
59.88701756803348,-7.126404492351078
98.03454617307385,-28.611293803220367
98.30261336877642,-28.677350657116424
97.40375663049188,-28.658817091762465
98.03454617307385,-28.611293803220367
-47.632344576979285,-87.0582698898148
-45.65830693697772,-88.47029106376934
-48.24743420789486,-86.6567467497141
-48.862221356185195,-85.55233722346833
-48.24743420789486,-86.6567467497141
-47.632344576979285,-87.0582698898148
-43.872214617769586,-89.8805200481879
-45.65830693697772,-88.47029106376934
47.92437490407408,-39.829918870911385
47.798505479841594,-39.579613656580456
47.798505479841594,-39.579613656580456
47.45910939280634,-39.04835572995762
-0.25386953636590803,9.556619266401018
1.862275163664468,13.021794802809943
1.862275163664468,13.021794802809943
5.073255844083874,17.914205617647415
-54.314599746944594,-71.04898084357617
-55.03680727910894,-69.4090539267265
-55.824541489789326,-67.76327288031216
-55.03680727910894,-69.4090539267265
-53.656958536216905,-72.68429022447386
-54.314599746944594,-71.04898084357617
-114.91677751984737,-41.37153382022877
-115.56414465827507,-41.364591126531884
-115.56414465827507,-41.364591126531884
-116.37722925338463,-41.276096346354414
-19.43650291983033,19.025223458967186
-23.41029262828864,21.199767650045125
-27.81075611421155,23.36643610027994
-23.41029262828864,21.199767650045125
-10.88341885748487,13.323549238188626
-5.553524533607396,9.188505873971963
-0.25386953636590803,9.556619266401018
-2.246944200118979,6.483759462544231
-2.246944200118979,6.483759462544231
-4.278498702117004,8.134761036295604
-4.278498702117004,8.134761036295604
-5.553524533607396,9.188505873971963
9.859417962686955,26.417877262005472
9.45427544728718,25.675246230152176
9.45427544728718,25.675246230152176
8.794201654298107,24.322852340496524
12.748825341425661,32.781349846262565
13.250196208985797,34.12123916013587
13.592611675209062,34.91787316736992
13.250196208985797,34.12123916013587
42.583910448369096,-11.338595405255745
44.23630603991843,-10.713676922627645
10.885204616508373,28.524043065628344
11.555822579967824,30.084377957094215
11.555822579967824,30.084377957094215
11.835777265386898,30.658060577292215
40.95418015235351,-12.005283693186673
42.583910448369096,-11.338595405255745
40.95418015235351,-12.005283693186673
39.34598223667705,-12.71346247563483
12.748825341425661,32.781349846262565
11.835777265386898,30.658060577292215
9.859417962686955,26.417877262005472
10.885204616508373,28.524043065628344
7.655230492996083,22.232019365962724
6.5241829464187155,20.35248080834934
6.340570189241479,20.01778825719664
6.5241829464187155,20.35248080834934
8.794201654298107,24.322852340496524
7.655230492996083,22.232019365962724
34.30912939473086,-13.438002702793497
35.994580518838134,-13.308888361739026
34.30912939473086,-13.438002702793497
32.648816463326085,-13.609813334932472
5.073255844083874,17.914205617647415
6.340570189241479,20.01778825719664
32.015485517394424,48.430884373136635
32.46000482818957,48.38922916629706
32.015485517394424,48.430884373136635
30.91029421108665,48.451718373959196
30.91029421108665,48.451718373959196
30.256740299271446,48.41854195120831
-79.93575260086479,80.99187900003344
-80.49917723267426,82.37996062594765
-80.49917723267426,82.37996062594765
-80.4582395350944,82.55755823043226
-79.36660478839768,79.43080940145376
-79.93575260086479,80.99187900003344
-80.4582395350944,82.55755823043226
-80.06389355747035,84.60752659501742
-79.50527475840023,95.4653471219654
-79.39534133676909,93.80449190883782
-79.50527475840023,95.4653471219654
-79.70053631330305,97.06948969617173
-80.34341830408992,100.11361335087616
-79.98020293934671,98.6185440339275
-79.39534133676909,93.80449190883782
-79.37180640490729,92.08471369112445
-79.37180640490729,92.08471369112445
-79.43597309559007,90.30314392446371
-79.98020293934671,98.6185440339275
-79.70053631330305,97.06948969617173
-79.43745458904584,90.28531755219193
-79.43597309559007,90.30314392446371
49.29195342649626,-9.108289029204219
47.59248801231716,-9.597515320609386
15.184460887972937,39.26484095742954
14.61595221214094,37.74502557158234
14.61595221214094,37.74502557158234
14.40025663275877,37.07487316744424
44.23630603991843,-10.713676922627645
45.90761396091697,-10.13258744895434
13.592611675209062,34.91787316736992
14.40025663275877,37.07487316744424
47.59248801231716,-9.597515320609386
45.90761396091697,-10.13258744895434
-79.55565118585601,88.47454090826574
-79.43745458904584,90.28531755219193
-79.7640411900562,86.57778474436067
-79.55565118585601,88.47454090826574
-79.7640411900562,86.57778474436067
-80.06389355747035,84.60752659501742
18.69693637248763,45.35570326227561
18.56616945907093,45.27467753625264
18.56616945907093,45.27467753625264
18.180352181561453,45.05839789887171
19.279512963693673,45.6822517770798
18.69693637248763,45.35570326227561
20.578545404034955,46.29904160807666
20.758868984040014,46.36998665045648
19.91123631135129,46.00023951624593
19.279512963693673,45.6822517770798
17.73034718726252,44.77988577791446
18.180352181561453,45.05839789887171
-75.09012948803189,63.50743815008003
-75.88323034017422,65.22085684339524
-75.09012948803189,63.50743815008003
-74.33437483234108,61.74214706630835
-74.33437483234108,61.74214706630835
-73.62609687734002,59.94773538076859
-76.6998329009455,66.85727927973394
-75.88323034017422,65.22085684339524
-76.6998329009455,66.85727927973394
-76.70193966971183,66.88152086545024
-76.93587036664023,68.88363100431434
-76.70193966971183,66.88152086545024
54.493962020680925,-7.913405262342007
56.268305228474176,-7.605658304116471
54.493962020680925,-7.913405262342007
52.740997704452255,-8.26638853850758
25.21668661888375,47.821052878558405
25.42118887357706,47.856220256813366
26.087450754563122,48.00812328897254
25.42118887357706,47.856220256813366
147.4654679725899,95.38499317152409
147.93609605155547,96.47435354739702
148.0555736941502,96.88251878566138
147.93609605155547,96.47435354739702
148.44235901915815,97.77556908284787
148.0555736941502,96.88251878566138
147.40254136502094,95.17293881589735
147.4654679725899,95.38499317152409
145.11985552752344,89.93051092507687
145.61533636144588,91.07791294996927
145.7110606086259,91.24625500290435
145.61533636144588,91.07791294996927
144.9583947750346,89.64500295340801
145.11985552752344,89.93051092507687
146.2566195708998,92.51035558917951
145.7110606086259,91.24625500290435
137.63922136999767,65.5390770794958
137.68298191124185,65.5942789934567
137.68298191124185,65.5942789934567
138.00366409638127,66.04453882678152
138.00366409638127,66.04453882678152
137.92609533262114,67.38281292409192
137.90399502205454,69.43885937090367
137.92138200757435,68.84215998920996
137.92138200757435,68.84215998920996
137.92609533262114,67.38281292409192
111.8223153120669,26.99808607823272
111.60706416886018,26.7969197475066
110.50948553240087,25.83590854427368
110.51536273504215,25.840731315905415
111.60706416886018,26.7969197475066
110.51536273504215,25.840731315905415
121.03643793590568,25.602166187629383
118.73047016530441,25.83176800028943
123.27180678773796,47.41018064748209
123.19498321126902,47.31333242474833
123.19498321126902,47.31333242474833
122.17941458121557,46.15032368863738
127.04145769331205,51.813636129403264
126.50942906035118,51.20499418925808
126.50942906035118,51.20499418925808
126.12834437091419,50.723731014679515
143.83660979641658,34.11361675228362
143.42492651445423,33.87238867510565
143.83660979641658,34.11361675228362
144.5869906445977,34.743566639916075
127.56961368593215,52.48087510944735
127.04145769331205,51.813636129403264
125.43908557676694,49.93519424025477
126.12834437091419,50.723731014679515
125.43908557676694,49.93519424025477
125.19529222130262,49.627494840521805
125.19529222130262,49.627494840521805
124.35914669237798,48.67097676039771
123.27180678773796,47.41018064748209
124.2167666739213,48.49140089490148
124.2167666739213,48.49140089490148
124.35914669237798,48.67097676039771
139.9299252400318,31.243119583472307
139.14040343852943,30.598521959366344
139.14040343852943,30.598521959366344
138.71638420128298,30.333031502413156
140.3157839344313,31.481678517036848
139.9299252400318,31.243119583472307
137.95795339471448,29.718695424297263
138.71638420128298,30.333031502413156
142.26393923981726,33.00131660307915
141.49215057750405,32.36456654071309
141.49215057750405,32.36456654071309
141.10431393302977,32.12798528831428
142.67275970115526,33.246574491821406
142.26393923981726,33.00131660307915
143.42492651445423,33.87238867510565
142.67275970115526,33.246574491821406
140.3157839344313,31.481678517036848
141.10431393302977,32.12798528831428
108.43994344731348,1.073008201960084
106.44161168077613,1.8983419811745144
102.28123409286007,3.917951360727285
104.3820197509228,2.8499912403436927
100.16980833596114,5.083916455467726
102.28123409286007,3.917951360727285
106.44161168077613,1.8983419811745144
104.3820197509228,2.8499912403436927
95.95415841062632,7.671369801836107
98.05781320736371,6.338259999146764
94.95789832174495,8.340692619166695
95.95415841062632,7.671369801836107
100.16980833596114,5.083916455467726
98.05781320736371,6.338259999146764
-109.79863676503996,55.403215187578205
-108.96550545955064,54.85237295215313
-108.65768889059547,54.72975691694742
-108.96550545955064,54.85237295215313
-110.14124897720176,55.5258345392619
-109.79863676503996,55.403215187578205
-107.83989049090337,54.19969870176813
-108.65768889059547,54.72975691694742
-97.64738490572385,68.13677193027746
-99.34394850231158,68.7544003974471
-100.86194069308537,69.48495668162148
-99.34394850231158,68.7544003974471
-102.20332398601212,70.32587768739275
-100.86194069308537,69.48495668162148
-93.63126269611776,48.971558298333626
-95.42994982679035,49.07444828922307
-69.34315487788614,-103.8257953616665
-69.78519632268313,-104.56099231458776
-69.91014592194779,-104.91502054823873
-69.78519632268313,-104.56099231458776
-50.74591031114984,-105.78353951654913
-50.739327873854,-105.83582011103613
-70.30201905093368,-105.5525816326958
-69.91014592194779,-104.91502054823873
-86.95927450947342,-96.64009624056263
-86.7388496089124,-96.1905460084798
-86.95927450947342,-96.64009624056263
-87.12290725794723,-97.18732833469734
-87.12290725794723,-97.18732833469734
-87.13015335078117,-97.25629518460757
-96.27409521743057,-71.84128463116384
-97.30056224188712,-72.51567604006664
-82.7594971944721,-85.4232693306051
-83.05247446911078,-86.28338737515531
-83.2273340101261,-86.69001722345146
-83.05247446911078,-86.28338737515531
-82.7594971944721,-85.4232693306051
-82.55816995388454,-84.94976563510478
-82.55816995388454,-84.94976563510478
-82.24507258798987,-84.02950670001866
-77.80726480525911,-58.720041423190494
-81.05404995387472,-61.08850183806814
-76.92454464783296,-58.915997159075886
-81.27517827929405,-81.1228001197564
-81.27517827929405,-81.1228001197564
-81.54712377148381,-82.11829189172397
-81.54712377148381,-82.11829189172397
-82.04813386641405,-83.56768075628037
-82.24507258798987,-84.02950670001866
-82.04813386641405,-83.56768075628037
-103.3697298688846,71.2739871061756
-103.6191389271065,71.53816702020607
-103.6191389271065,71.53816702020607
-104.48649803471493,72.24282759034743
-91.02347732393018,86.44582885148108
-89.33285858715561,85.59455648715746
-91.02347732393018,86.44582885148108
-92.53853038212068,87.3253799958775
-99.20668355821658,93.85100190157188
-98.39911111801759,92.62309069567587
-99.20668355821658,93.85100190157188
-99.43404677452652,94.27863331783571
-95.23516832960546,89.26864501082673
-93.9427156062682,88.26616880910443
-96.41140682892471,90.33070859345307
-97.46664070954381,91.44915758744388
-89.33285858715561,85.59455648715746
-87.29121640128271,84.70176338957778
-97.46664070954381,91.44915758744388
-98.39911111801759,92.62309069567587
-80.49917723267426,82.37996062594765
-85.77376561175573,84.12158805974833
-93.9427156062682,88.26616880910443
-92.53853038212068,87.3253799958775
-85.77376561175573,84.12158805974833
-87.29121640128271,84.70176338957778
-77.22052714230924,70.80594903269463
-76.93587036664023,68.88363100431434
-77.22052714230924,70.80594903269463
-77.55461827779713,72.65535625088026
-76.6998329009455,66.85727927973394
-89.91251032798712,66.88778427039848
-78.36694240979082,76.15794987978879
-77.9370648598054,74.43770407615455
-78.36694240979082,76.15794987978879
-78.84352878186327,77.82062035818441
-79.36660478839768,79.43080940145376
-78.84352878186327,77.82062035818441
-77.55461827779713,72.65535625088026
-77.9370648598054,74.43770407615455
-89.91251032798712,66.88778427039848
-91.49204797802562,66.98472192887478
-91.49204797802562,66.98472192887478
-93.72597557876969,67.2515539322354
-95.77635063460605,67.63577497461068
-93.72597557876969,67.2515539322354
-95.77635063460605,67.63577497461068
-97.64738490572385,68.13677193027746
-107.08819880545838,74.74545110220586
-106.61609438101925,74.22047573644198
-107.08819880545838,74.74545110220586
-107.67916352875216,75.20763644228319
-100.6203559537139,95.95077710260736
-100.031705215642,95.06482267094064
-100.6203559537139,95.95077710260736
-100.8700087056375,96.25544405613414
-99.63372487245744,94.57650644378889
-100.031705215642,95.06482267094064
-111.12327930413123,78.48526442159248
-111.31231619664895,78.60818746473167
-81.53591563467893,104.51221790946151
-81.74800588219492,105.19377464287095
-100.8700087056375,96.25544405613414
-101.52299799434977,97.24349626618454
-85.1056028101112,118.0019876280902
-85.22326486742583,118.35444515113046
-88.00149640838012,129.8120123841397
-88.23819335566739,130.9793569916731
-88.35610559745987,131.21566710338038
-88.23819335566739,130.9793569916731
-87.91542808394622,129.6191219198747
-88.00149640838012,129.8120123841397
-88.53223803939817,132.17169787063497
-88.35610559745987,131.21566710338038
-107.75207421261138,106.1135263244588
-107.5389886923003,105.92258589441856
-85.22326486742583,118.35444515113046
-85.47809346212617,119.48776147020017
-81.74800588219492,105.19377464287095
-81.93638513997746,105.98752250042813
-18.367576610834725,-12.352914817013811
-19.496620284452064,-13.824709450603518
-50.2613403569252,21.864475610919502
-50.121071704474296,22.589423480769394
-98.83739341592798,31.68714123714975
-99.12783099669382,31.807482295928864
-89.2346872802448,49.17133635600713
-91.57320074109745,48.99784223103127
-91.57320074109745,48.99784223103127
-93.63126269611776,48.971558298333626
-99.12783099669382,31.807482295928864
-100.1823165277961,32.03019422291698
-100.4411606132502,32.14480475110996
-100.1823165277961,32.03019422291698
-117.8335356099706,-41.186823152998954
-118.55397327088434,-41.183965882102484
-118.55397327088434,-41.183965882102484
-119.28133250689979,-41.10016750386486
-117.08019279617452,-41.270943528755154
-116.37722925338463,-41.276096346354414
-117.08019279617452,-41.270943528755154
-117.8335356099706,-41.186823152998954
-104.42278411114668,-43.36478517264048
-105.97602319159303,-42.80328973096066
-102.80365322829728,-44.07194655269173
-104.42278411114668,-43.36478517264048
-107.48572413946587,-42.35449675221238
-107.19763391299446,-42.455553716001646
-107.19763391299446,-42.455553716001646
-105.97602319159303,-42.80328973096066
-102.80365322829728,-44.07194655269173
-101.10426661826773,-44.93929961748219
-86.32135514142675,14.230334392046247
-86.80886445628677,14.363131742946035
-87.45279031177606,14.305798325629118
-86.80886445628677,14.363131742946035
-75.71496789954787,37.4028347037069
-77.88513282358498,35.98205737864224
-67.43403660705908,-57.84354160460576
-69.62171346894853,-57.990387310583415
-67.43403660705908,-57.84354160460576
-65.19809307597737,-57.75106826554863
-65.19809307597737,-57.75106826554863
-62.91147696290556,-57.71439172252225
-72.27181199761537,17.660065387922813
-70.27879987697676,19.23666796872273
-70.27879987697676,19.23666796872273
-68.56979326459678,20.760100807591996
-59.53335706245399,37.7266618593164
-59.42248315056378,37.60442211277168
-56.42523581467667,33.96224840346494
-67.57050755653862,21.7481955488337
-56.42523581467667,33.96224840346494
-57.28692788440722,35.066735542816204
-74.14143473438638,16.385566110457113
-75.9086285853236,15.389688150567128
-74.14143473438638,16.385566110457113
-72.27181199761537,17.660065387922813
-83.79677315449116,17.792874432895584
-82.8915466670909,14.09310095431169
-82.8915466670909,14.09310095431169
-82.22960437933295,13.958220938282956
-67.57050755653862,21.7481955488337
-68.56979326459678,20.760100807591996
-82.22960437933295,13.958220938282956
-80.75931260261981,13.93593898296822
-77.59370419810158,14.653988306484251
-75.9086285853236,15.389688150567128
-77.59370419810158,14.653988306484251
-79.21082705810615,14.169140244499866
-79.21082705810615,14.169140244499866
-80.75931260261981,13.93593898296822
-42.75922637146228,-29.839847561014174
-43.957842224491735,-31.363681306764388
-54.79372046800036,12.520930047956671
-55.83072046366806,11.16100913669976
-53.89759243655371,13.816423254811818
-54.79372046800036,12.520930047956671
-45.11425646178435,-33.000145463706254
-43.957842224491735,-31.363681306764388
-41.516976444733544,-28.422848538824468
-42.75922637146228,-29.839847561014174
-33.29120706526858,-21.992742717406152
-34.4567993613261,-22.659057351486023
-46.03782681540835,28.124154159739497
-48.124720114989245,28.293074914224174
4.5301742137583485,48.36048771123422
7.359316966326817,47.76675134276543
-44.00574191585325,27.903380159745243
-46.03782681540835,28.124154159739497
-49.71743486994413,28.380120211541968
-50.01064006992133,28.66354592752578
-49.71743486994413,28.380120211541968
-48.124720114989245,28.293074914224174
-36.42791523005781,26.5033560162845
-34.73909177014844,26.043163053815107
-38.237861874614936,26.93029325311432
-36.42791523005781,26.5033560162845
-33.210378224445584,25.567281075744518
-34.73909177014844,26.043163053815107
-33.29120706526858,-21.992742717406152
-32.84706722230864,-21.71261254830332
-21.949222952366014,-16.631499389433685
-22.03736223074809,-16.69813857189417
-22.28860649035095,-16.872979734749386
-22.03736223074809,-16.69813857189417
-50.2613403569252,21.864475610919502
-50.40364193553467,21.232351265348342
93.29742588396937,-28.570358259680283
92.74449059580304,-28.495965629760633
85.9019073850323,-26.54530026433645
87.4639947372588,-27.35768307148166
76.63340808790291,-0.5431010785518815
78.20651105905337,0.3477121902806424
87.4639947372588,-27.35768307148166
88.98343180298183,-27.956579962101046
78.20651105905337,0.3477121902806424
79.79754292156139,1.194074090428007
88.98343180298183,-27.956579962101046
90.46087026204432,-28.344052147540665
90.46087026204432,-28.344052147540665
91.89147613094488,-28.519453649173787
91.89147613094488,-28.519453649173787
92.74449059580304,-28.495965629760633
84.69371326350961,3.4748003330364448
86.37220141482804,4.151275771003348
87.20223124055906,4.469466198345188
87.05715274436972,4.406667854385056
91.40914640005067,-10.273125193588069
87.05715274436972,4.406667854385056
87.05715274436972,4.406667854385056
86.37220141482804,4.151275771003348
70.46653975044015,-9.407810508130755
71.78349955480397,-11.51161320760508
73.53505508479428,-2.462055018676544
75.07674278482136,-1.4793353557032596
47.902449929334175,50.89035245760891
47.04670655730227,50.71370531466282
47.04670655730227,50.71370531466282
46.37569534751207,50.38621565425797
76.63340808790291,-0.5431010785518815
75.07674278482136,-1.4793353557032596
81.40803178089045,1.9968632022579094
83.03954856986883,2.756870175444078
84.69371326350961,3.4748003330364448
83.03954856986883,2.756870175444078
52.50313654406849,52.34660632167077
53.08952382700943,52.819148332466746
79.79754292156139,1.194074090428007
81.40803178089045,1.9968632022579094
72.00691053238795,-3.492423442940755
70.4908948638936,-4.5717078813462955
73.53505508479428,-2.462055018676544
72.00691053238795,-3.492423442940755
38.50680457806898,48.28402357624556
40.23138618194988,48.47785430849489
42.44356350752978,49.16136384218064
41.80920382048967,48.88488295606915
41.80920382048967,48.88488295606915
40.23138618194988,48.47785430849489
70.4908948638936,-4.5717078813462955
68.98560867699086,-5.701285007629604
43.32806113514514,49.382133850346676
42.44356350752978,49.16136384218064
24.299115517399976,-37.16988877389287
24.55242125664867,-38.59987006158706
24.889113259328678,-39.90414179861325
24.55242125664867,-38.59987006158706
-55.824541489789326,-67.76327288031216
-56.678864083864,-66.11039129505707
-56.678864083864,-66.11039129505707
-57.600940697361345,-64.4491495888957
-58.5920439136293,-62.77827159220297
-57.600940697361345,-64.4491495888957
24.143526935491032,-35.67971759668049
24.084139176647998,-34.12988629782383
-59.6535567315676,-61.096461055540246
-60.78697650872638,-59.40239805937889
-58.5920439136293,-62.77827159220297
-59.6535567315676,-61.096461055540246
24.299115517399976,-37.16988877389287
24.143526935491032,-35.67971759668049
24.251416604825202,-30.84417335969088
24.120102440350653,-32.51903358628351
24.084139176647998,-34.12988629782383
24.120102440350653,-32.51903358628351
-21.768831357718163,-16.505965902550276
-21.487285442653484,-16.293160494470587
24.251416604825202,-30.84417335969088
24.47907334561649,-29.100615592021153
-61.952982321390635,-57.69513523810263
-61.00183499837264,-56.39852886076362
-61.00183499837264,-56.39852886076362
-60.70330176032835,-56.01252842998391
-61.974208078846665,-57.72262419546587
-61.952982321390635,-57.69513523810263
-61.974208078846665,-57.72262419546587
-60.78697650872638,-59.40239805937889
-21.949222952366014,-16.631499389433685
-21.768831357718163,-16.505965902550276
-58.27147166886635,-52.690622865834555
-59.41235419358759,-54.24641905500066
-59.41235419358759,-54.24641905500066
-59.48037406475838,-54.344588165416425
-57.883896052909805,-52.12997722280467
-57.090873563241715,-51.04948311551098
-57.883896052909805,-52.12997722280467
-58.27147166886635,-52.690622865834555
-60.70330176032835,-56.01252842998391
-59.48037406475838,-54.344588165416425
-20.796628802756146,-15.691100750705456
-20.57028844984626,-15.343113142047994
-20.796628802756146,-15.691100750705456
-20.00106645704843,-16.42783503220047
-17.293490723261343,-11.059715049199797
-18.367576610834725,-12.352914817013811
-20.00106645704843,-16.42783503220047
-17.761526766958227,-18.33828459542884
2.194216399430499,1.9349820682761028
11.57728384945166,-4.1954274253107116
-10.7015148254463,-4.132287158570058
-13.760641440675709,-7.060227669016609
-17.293490723261343,-11.059715049199797
-17.183226487705063,-10.915727156435535
-13.760641440675709,-7.060227669016609
-14.740597094206496,-8.078012292675904
-14.740597094206496,-8.078012292675904
-15.991035927065408,-9.476600096261146
-17.183226487705063,-10.915727156435535
-15.991035927065408,-9.476600096261146
-1.9673963315124006,4.825242623355498
2.194216399430499,1.9349820682761028
-1.9673963315124006,4.825242623355498
-10.7015148254463,-4.132287158570058
17.53624253855104,-7.805659300303056
11.57728384945166,-4.1954274253107116
27.686056065210067,-17.880868600031725
28.74210779974341,-15.363902355828772
-13.164873445859147,-22.278371456354357
-11.018761719215826,-23.829614447120186
-95.94550824867542,-48.98785082705933
-97.68070314643869,-47.43532438537611
-85.56808456822796,14.26481532498008
-85.07242617087417,14.149117316055829
-85.07242617087417,14.149117316055829
-84.12449555340417,14.1695934550804
-94.8257650213366,-50.07939664431346
-94.15863393108042,-50.286653340006566
-94.8257650213366,-50.07939664431346
-95.94550824867542,-48.98785082705933
-82.8915466670909,14.09310095431169
-83.64981083255152,14.078115474332092
-83.64981083255152,14.078115474332092
-84.12449555340417,14.1695934550804
-70.28428817303451,2.639920505605467
-70.61442905504238,2.755654108315936
-84.59424391057847,-54.53776423178809
-86.60457962043506,-53.47448466741756
-86.60457962043506,-53.47448466741756
-88.55774004590083,-52.52482653276549
-82.5164384214415,-55.72391743961928
-84.59424391057847,-54.53776423178809
-92.32734358546448,-50.936805558283886
-90.46270107097318,-51.68107718604172
-94.15863393108042,-50.286653340006566
-92.32734358546448,-50.936805558283886
-106.92151026929386,-56.683159945985096
-94.8257650213366,-50.07939664431346
-88.55774004590083,-52.52482653276549
-90.46270107097318,-51.68107718604172
-127.38685836961017,-40.59601315370509
-126.77173207494047,-40.70157338751966
-126.19553134432057,-40.67448980897116
-126.77173207494047,-40.70157338751966
-124.86868944081195,-40.75517937309411
-125.5434671700585,-40.774758663679876
-124.86868944081195,-40.75517937309411
-124.15765724759216,-40.85474636659881
-119.28133250689979,-41.10016750386486
-119.99161690340912,-41.1000514398126
135.69804235296894,62.889063902496076
136.03161363828636,63.31001038152697
136.03161363828636,63.31001038152697
136.67376562777227,64.21133106934431
137.63922136999767,65.5390770794958
136.8681646525647,64.45660786642766
136.8681646525647,64.45660786642766
136.67376562777227,64.21133106934431
135.69804235296894,62.889063902496076
135.17426407931708,62.15407682076795
135.17426407931708,62.15407682076795
134.71292235807545,61.57179728085716
133.71919455478587,60.258932440437874
134.2970409121267,60.98838261357915
134.71292235807545,61.57179728085716
134.2970409121267,60.98838261357915
133.71919455478587,60.258932440437874
133.40086991189776,59.812511217457825
133.40086991189776,59.812511217457825
132.7176268570015,58.94983913142679
131.7086333679878,57.64414144255647
132.49160337294418,58.63296092721952
132.7176268570015,58.94983913142679
132.49160337294418,58.63296092721952
44.84831795612742,49.88601218214245
45.49745119654165,50.18838881031062
44.84831795612742,49.88601218214245
43.99642722259902,49.68222040786901
46.37569534751207,50.38621565425797
45.49745119654165,50.18838881031062
43.32806113514514,49.382133850346676
43.99642722259902,49.68222040786901
52.50313654406849,52.34660632167077
51.59527695229406,52.275712382864675
51.59527695229406,52.275712382864675
50.96988413822941,51.87073140983987
17.343325038884235,44.51676941016349
17.007161068987223,44.26666175529523
17.73034718726252,44.77988577791446
17.343325038884235,44.51676941016349
16.716544632053665,43.796308222320974
16.819750852748474,44.11447892071703
16.819750852748474,44.11447892071703
17.007161068987223,44.26666175529523
16.479791957802497,43.159863709786876
15.944869087716826,41.50709154877513
15.673855561416103,40.78092057590937
15.944869087716826,41.50709154877513
16.716544632053665,43.796308222320974
16.479791957802497,43.159863709786876
15.184460887972937,39.26484095742954
15.673855561416103,40.78092057590937
-16.79412899355505,17.42703227830865
-14.230502601109654,15.729633186113858
-16.79412899355505,17.42703227830865
-19.43650291983033,19.025223458967186
-30.469665534591186,24.54236132980784
-27.81075611421155,23.36643610027994
16.00199706724601,44.62070855329351
16.60017351587148,44.2600358334901
15.365191053939004,44.967190681457325
16.00199706724601,44.62070855329351
16.819750852748474,44.11447892071703
16.60017351587148,44.2600358334901
-71.20746122337681,52.541520052882724
-70.16793951550574,51.07065967719227
-71.31586876634319,52.686863063336986
-71.78529399853969,54.40148266795055
-71.31586876634319,52.686863063336986
-71.20746122337681,52.541520052882724
-71.78529399853969,54.40148266795055
-72.35244026382038,56.27822629961329
-69.17488223381206,49.586618474121906
-70.16793951550574,51.07065967719227
-72.96577644684947,58.1267624261132
-72.35244026382038,56.27822629961329
-72.96577644684947,58.1267624261132
-73.62609687734002,59.94773538076859
7.359316966326817,47.76675134276543
9.116346293514317,47.232052942104545
-30.469665534591186,24.54236132980784
-31.8260073271407,25.07942590921199
15.365191053939004,44.967190681457325
15.279262647529388,45.00894689753429
9.116346293514317,47.232052942104545
10.343969853287488,46.95430399060348
27.899642063206244,48.26746644752189
27.837392024027654,48.25670888524162
27.837392024027654,48.25670888524162
26.983201493077082,48.16090224271204
28.867469605993755,48.37596732022901
29.859867885768043,48.42496702277124
28.867469605993755,48.37596732022901
27.899642063206244,48.26746644752189
30.256740299271446,48.41854195120831
29.859867885768043,48.42496702277124
26.087450754563122,48.00812328897254
26.983201493077082,48.16090224271204
142.91534717774653,85.36571270634379
143.24597909557326,85.95723783611865
143.60702558078492,86.78877209111593
143.24597909557326,85.95723783611865
140.04661607987416,79.70357712521998
140.6003116711901,80.69979219668494
140.6003116711901,80.69979219668494
140.78187802296543,81.11282092555227
142.91534717774653,85.36571270634379
142.59096619230488,84.62070028915463
142.2143797605941,83.94511071296314
142.59096619230488,84.62070028915463
113.81316617960303,26.632772624004254
116.32246798878101,26.17559251384912
118.73047016530441,25.83176800028943
116.32246798878101,26.17559251384912
117.62814799860216,-1.2140632469470187
119.350488710352,-1.361045720002502
120.99993960707094,-1.3619268500724333
119.350488710352,-1.361045720002502
110.3806475731278,0.3725688057021497
112.26661513386034,-0.20341035036021893
108.43994344731348,1.073008201960084
110.3806475731278,0.3725688057021497
115.87780098219962,-0.9779314554754439
114.09910880592841,-0.6541598722129738
116.84154820898314,-1.086615466666757
117.62814799860216,-1.2140632469470187
116.84154820898314,-1.086615466666757
115.87780098219962,-0.9779314554754439
109.27891393845701,24.75822265392816
109.67013834258707,24.339947745591786
112.26661513386034,-0.20341035036021893
114.09910880592841,-0.6541598722129738
132.62062189402323,26.682708011994002
130.97091650993696,26.205029905706283
134.14538085886278,27.278817054919188
132.62062189402323,26.682708011994002
120.03838257061129,43.570701108354555
119.59970134143802,42.961544479459214
120.03838257061129,43.570701108354555
121.08381723313451,44.88925223912169
121.08381723313451,44.88925223912169
122.13547175128153,46.09491889203182
137.66149057538024,29.531971548101946
134.9323273192033,35.09878597790598
113.81316617960303,26.632772624004254
111.88565658296446,27.053567673087624
119.02257173191866,42.21305864101338
119.59970134143802,42.961544479459214
121.03643793590568,25.602166187629383
123.23893724409926,25.487827384546698
130.97091650993696,26.205029905706283
129.2048101969583,25.84747921125716
127.32556991090107,25.609397565383144
129.2048101969583,25.84747921125716
127.32556991090107,25.609397565383144
125.33607497522866,25.48986509885708
125.33607497522866,25.48986509885708
123.23893724409926,25.487827384546698
122.17941458121557,46.15032368863738
122.13547175128153,46.09491889203182
-100.19274186909743,50.141370382896184
-101.43373558711757,50.6914117620309
-101.43373558711757,50.6914117620309
-101.58111224204377,50.74076905071831
-102.93911906275633,51.371882807176455
-101.58111224204377,50.74076905071831
-98.70462335136445,49.657896616824196
-97.11669267346133,49.302781591789696
-95.42994982679035,49.07444828922307
-97.11669267346133,49.302781591789696
-100.19274186909743,50.141370382896184
-98.70462335136445,49.657896616824196
-71.31586876634319,52.686863063336986
-81.65141077392366,50.4748626240585
-99.5457595898834,-73.68106376040234
-98.6954949462819,-73.29159879563946
-99.5457595898834,-73.68106376040234
-99.92434263358123,-73.89308992707217
-97.30056224188712,-72.51567604006664
-98.6954949462819,-73.29159879563946
-100.81886176652709,-74.30189690499108
-99.92434263358123,-73.89308992707217
-83.73628784691562,-88.05771373372393
-83.53076430491603,-87.58365643667535
-83.53076430491603,-87.58365643667535
-83.2273340101261,-86.69001722345146
-50.84107110424101,-82.44900101408012
-51.03628154065679,-82.17756152335453
-51.03628154065679,-82.17756152335453
-51.29172172664927,-80.83295217660574
-62.91147696290556,-57.71439172252225
-61.974208078846665,-57.72262419546587
-51.656286864781926,-79.20392617559686
-51.56765467934932,-79.62188479512608
-81.27517827929405,-81.1228001197564
-71.92752369212718,-87.73263897182402
-51.56765467934932,-79.62188479512608
-51.29172172664927,-80.83295217660574
-86.31578663906947,-95.11831695472056
-86.0826509469237,-94.39025655067117
-86.0826509469237,-94.39025655067117
-85.91285551009287,-94.02424681915072
-86.7388496089124,-96.1905460084798
-86.57737323127402,-95.6684714428244
-86.57737323127402,-95.6684714428244
-86.31578663906947,-95.11831695472056
-69.34315487788614,-103.8257953616665
-69.17333949748596,-103.37645348952665
-69.17333949748596,-103.37645348952665
-68.71667442230495,-102.60048900105227
-68.54267793591927,-102.15812041370141
-68.71667442230495,-102.60048900105227
-85.91285551009287,-94.02424681915072
-85.62841209185085,-93.15050094945525
-101.89214388609261,-74.82243121042936
-101.10980449153625,-74.46605237391364
-101.89214388609261,-74.82243121042936
-102.34030368359085,-75.07727079116056
-100.81886176652709,-74.30189690499108
-101.10980449153625,-74.46605237391364
-106.02981021097976,73.75224297691587
-105.55592318986285,73.23192236392731
-105.55592318986285,73.23192236392731
-104.94401847228255,72.73661676494659
-106.61609438101925,74.22047573644198
-106.02981021097976,73.75224297691587
-104.48649803471493,72.24282759034743
-104.94401847228255,72.73661676494659
-107.51690967595735,54.063516338865725
-106.68676048103077,53.531740253356
-106.68676048103077,53.531740253356
-106.320083831972,53.37127086381177
-107.83989049090337,54.19969870176813
-107.51690967595735,54.063516338865725
-105.4601344627511,52.8254180179185
-106.320083831972,53.37127086381177
-105.04149776442054,52.637005145171955
-104.19269280553796,52.103092978918866
-104.19269280553796,52.103092978918866
-103.89114488504968,51.96458438425191
-105.4601344627511,52.8254180179185
-105.04149776442054,52.637005145171955
-102.93911906275633,51.371882807176455
-103.89114488504968,51.96458438425191
-107.67916352875216,75.20763644228319
-108.12091513945687,75.70571881428532
-108.12091513945687,75.70571881428532
-108.74598003703507,76.18229729514033
-109.13841305991974,76.63654304751506
-108.74598003703507,76.18229729514033
-81.93638513997746,105.98752250042813
-82.1468845059628,106.66105443308352
-106.47193565190508,104.31852130603738
-106.9314206506737,105.04658970387774
-107.11717792760862,105.23048431746092
-106.9314206506737,105.04658970387774
-106.32833563029251,104.16649726925657
-106.47193565190508,104.31852130603738
-106.32833563029251,104.16649726925657
-105.76493756900813,103.28786373170783
-107.5389886923003,105.92258589441856
-107.11717792760862,105.23048431746092
-85.58846939173533,119.81345733097693
-85.84569682502081,120.96629363995294
-85.94972294665052,121.26791522366031
-85.84569682502081,120.96629363995294
-85.47809346212617,119.48776147020017
-85.58846939173533,119.81345733097693
-86.20930801109263,122.44112538633105
-85.94972294665052,121.26791522366031
-82.54594835776098,108.13266394426958
-82.74069882756342,108.9619060913327
-82.54594835776098,108.13266394426958
-82.33810413413214,107.47088466191778
-82.94295661460924,109.60235337411572
-82.74069882756342,108.9619060913327
-82.1468845059628,106.66105443308352
-82.33810413413214,107.47088466191778
-83.14333324911179,110.46042411748591
-82.94295661460924,109.60235337411572
-84.10726484987674,113.98519716640126
-84.33947085089287,114.99789626813296
-84.33947085089287,114.99789626813296
-84.4839697038433,115.44134688878457
-83.94418544698192,113.47987169948458
-84.10726484987674,113.98519716640126
-84.72661656986654,116.5062001878198
-84.4839697038433,115.44134688878457
-83.94418544698192,113.47987169948458
-83.72444605104477,112.52747147690506
-83.54487577526709,111.96642320135837
-83.72444605104477,112.52747147690506
-83.14333324911179,110.46042411748591
-83.33606866414002,111.0669235250993
-83.54487577526709,111.96642320135837
-83.33606866414002,111.0669235250993
-102.7001373413003,32.754957542707885
-102.46094895207612,32.62081082993741
-102.46094895207612,32.62081082993741
-101.75421404033811,32.480988691138094
-100.4411606132502,32.14480475110996
-101.53608309536091,32.370811077681104
-101.75421404033811,32.480988691138094
-101.53608309536091,32.370811077681104
-126.19553134432057,-40.67448980897116
-125.5434671700585,-40.774758663679876
-120.70249306935142,-41.01519179851326
-119.99161690340912,-41.1000514398126
-99.40020407004594,-46.03563433145458
-100.09223545728054,-45.52859516155024
-100.09223545728054,-45.52859516155024
-100.28842429416162,-41.72939123487489
-97.68070314643869,-47.43532438537611
-99.40020407004594,-46.03563433145458
-101.10426661826773,-44.93929961748219
-100.09223545728054,-45.52859516155024
-86.32135514142675,14.230334392046247
-85.56808456822796,14.26481532498008
-94.68448829070341,30.715707743343078
-95.95350277942633,30.9997509600659
-95.95350277942633,30.9997509600659
-96.10500641802622,31.011566196428905
-97.49522610251245,31.32581913832658
-96.10500641802622,31.011566196428905
-94.68448829070341,30.715707743343078
-93.1459353426327,30.580183745098743
-80.05693733059573,34.687014925034674
-82.13734650968829,33.57654253797326
-77.88513282358498,35.98205737864224
-80.05693733059573,34.687014925034674
-82.13734650968829,33.57654253797326
-84.14500315734101,32.63950417641014
-70.28428817303451,2.639920505605467
-69.5690206703602,2.647342392983602
-68.2192097423285,2.586110769881492
-69.39141850389159,2.595036859717748
-69.39141850389159,2.595036859717748
-69.5690206703602,2.647342392983602
-24.478772954106976,-17.979219050508846
-25.66808343970912,-18.376501901130865
-32.84706722230864,-21.71261254830332
-31.19570310407846,-20.787979346298833
-27.61446489071156,-19.12194302843249
-25.66808343970912,-18.376501901130865
-27.61446489071156,-19.12194302843249
-29.45415173625414,-19.925184433394342
-29.45415173625414,-19.925184433394342
-31.19570310407846,-20.787979346298833
-50.653882277231624,20.314623729325383
-50.53657672310508,20.71682706611127
-50.40364193553467,21.232351265348342
-50.53657672310508,20.71682706611127
71.78349955480397,-11.51161320760508
73.17518071049064,-13.593175728246823
80.97402782673075,-22.813046905275787
79.3340727177851,-21.207213108772507
77.72385842672271,-19.459320475927864
79.3340727177851,-21.207213108772507
82.6327780424586,-24.25637743804517
84.29057385031942,-25.512370296089525
80.97402782673075,-22.813046905275787
82.6327780424586,-24.25637743804517
85.9019073850323,-26.54530026433645
84.29057385031942,-25.512370296089525
48.35355866171861,-40.57421059884098
48.542515313024964,-40.864963947681716
66.08581578118903,-6.545634204238567
65.46290149190844,-6.650283194762146
65.08742496399954,-6.723042213338161
65.46290149190844,-6.650283194762146
63.60229661377964,-6.830887928849776
64.71963569871659,-6.784807775681198
64.71963569871659,-6.784807775681198
65.08742496399954,-6.723042213338161
70.46653975044015,-9.407810508130755
69.22968884204462,-7.305086571560782
67.09512434587249,-6.350155906702803
67.27344711997749,-6.311024641053294
67.27344711997749,-6.311024641053294
68.11628766305863,-6.147784726188725
66.08581578118903,-6.545634204238567
67.09512434587249,-6.350155906702803
68.98560867699086,-5.701285007629604
68.53705633156768,-6.055510750530836
68.53705633156768,-6.055510750530836
68.11628766305863,-6.147784726188725
69.22968884204462,-7.305086571560782
68.53705633156768,-6.055510750530836
26.434517728281403,-45.34293276633391
26.378623511112842,-45.09142953061068
26.22301254879408,-44.686323059914
26.378623511112842,-45.09142953061068
46.99106167779368,-38.30810566069204
46.484732466651536,-37.51131521479
-13.164873445859147,-22.278371456354357
-17.41445785757407,-18.664654942610113
27.686056065210067,-17.880868600031725
26.95573172589719,-19.78183759514578
29.34059362661661,-14.042281379710913
27.993691086226505,-13.389660248240189
29.34059362661661,-14.042281379710913
28.74210779974341,-15.363902355828772
32.648816463326085,-13.609813334932472
29.34059362661661,-14.042281379710913
26.9530759486151,-12.84968440698227
27.993691086226505,-13.389660248240189
-122.1031102826804,-40.93030867977343
-122.77890625277372,-40.93710515501938
-122.77890625277372,-40.93710515501938
-123.49738963536043,-40.84298552643001
-120.70249306935142,-41.01519179851326
-121.39676194671426,-41.018216310846476
-121.39676194671426,-41.018216310846476
-122.1031102826804,-40.93030867977343
-124.15765724759216,-40.85474636659881
-123.49738963536043,-40.84298552643001
50.06280732413288,51.74014876088693
49.43657256490943,51.384866165582956
48.54239836424643,51.22204833720323
49.43657256490943,51.384866165582956
50.96988413822941,51.87073140983987
50.06280732413288,51.74014876088693
47.902449929334175,50.89035245760891
48.54239836424643,51.22204833720323
12.95959326537263,46.114464875589384
11.949297423915624,46.47846847566029
10.343969853287488,46.95430399060348
11.949297423915624,46.47846847566029
-56.42523581467667,33.96224840346494
-56.221682157625764,33.81732865368741
-56.221682157625764,33.81732865368741
-54.902970691896186,32.828800603524485
-54.902970691896186,32.828800603524485
-53.62404039642813,31.819676762101057
13.84243607816728,45.74178025733932
14.64143486749857,45.355804495187975
15.279262647529388,45.00894689753429
14.64143486749857,45.355804495187975
12.95959326537263,46.114464875589384
13.84243607816728,45.74178025733932
143.88643487857024,87.28704394380843
144.28838806869607,88.21498458871952
144.28838806869607,88.21498458871952
144.51138156913782,88.61112203801382
143.60702558078492,86.78877209111593
143.88643487857024,87.28704394380843
144.9583947750346,89.64500295340801
144.51138156913782,88.61112203801382
156.33229525883763,76.45698450914877
155.626916359722,75.75837505824246
156.3517142169995,76.46803564703087
156.33229525883763,76.45698450914877
142.2143797605941,83.94511071296314
141.924018039612,83.28030387006766
141.924018039612,83.28030387006766
141.50480260163204,82.52645163088458
140.78187802296543,81.11282092555227
141.27397795645584,81.99972154960831
141.50480260163204,82.52645163088458
141.27397795645584,81.99972154960831
153.64014988255863,73.74671516907982
153.80073653327196,73.86384766303277
153.80073653327196,73.86384766303277
154.68575454427366,74.76204339793298
130.100399796632,1.0490931860848172
129.23128106573833,0.7717149877465712
124.03779746732747,-0.9178767275274584
122.56532904121656,-1.2144187453153252
120.99993960707094,-1.3619268500724333
122.56532904121656,-1.2144187453153252
144.9735420544571,34.962728224853855
145.72739283715873,35.602855448507995
144.9735420544571,34.962728224853855
144.5869906445977,34.743566639916075
127.56961368593215,52.48087510944735
127.95124509291287,52.91735799676464
127.95124509291287,52.91735799676464
128.62004094463285,53.762416928242246
152.65789859747488,72.77981204616343
151.8865422794134,72.01335301253516
153.64014988255863,73.74671516907982
152.73582049183818,72.83814990332449
152.73582049183818,72.83814990332449
152.65789859747488,72.77981204616343
141.3424345149008,66.52602998489098
139.3074382828372,66.18777832023409
141.3424345149008,66.52602998489098
143.24713572727134,66.96582662363744
146.655604979465,68.15479450168638
148.14972073296022,68.90537235500979
146.655604979465,68.15479450168638
145.01952307086557,67.50841732939136
139.3074382828372,66.18777832023409
138.00366409638127,66.04453882678152
148.14972073296022,68.90537235500979
149.49490156672923,69.75964719654228
143.24713572727134,66.96582662363744
145.01952307086557,67.50841732939136
149.49490156672923,69.75964719654228
150.6833066192923,70.71585299432697
150.6833066192923,70.71585299432697
151.70674153248,71.77063442139637
151.70674153248,71.77063442139637
151.8865422794134,72.01335301253516
-62.47144706556175,-92.06682874334189
-61.518361519468954,-91.11777375929826
-63.51446617019465,-93.28686346020734
-62.47144706556175,-92.06682874334189
-51.03628154065679,-82.17756152335453
-61.518361519468954,-91.11777375929826
-64.41847244073342,-94.55309202836978
-64.8956800140162,-95.37566747961678
-64.8956800140162,-95.37566747961678
-65.21816319754709,-95.83506182519214
-63.51446617019465,-93.28686346020734
-64.41847244073342,-94.55309202836978
-65.9415495366587,-97.12558964306122
-65.21816319754709,-95.83506182519214
-67.90054089480404,-100.91326303703298
-67.43410831908265,-100.09690544615984
-67.90054089480404,-100.91326303703298
-68.08176646283762,-101.36162154607158
-50.64751008209017,-103.19449681896907
-50.62427655568015,-102.12057647967616
-50.609094600054505,-101.99180913935348
-50.62427655568015,-102.12057647967616
-50.6706228679144,-103.37590975724689
-50.69061143617778,-104.36382300333153
-50.730908151327725,-104.65789411413404
-50.69061143617778,-104.36382300333153
-50.64751008209017,-103.19449681896907
-50.6706228679144,-103.37590975724689
-68.08176646283762,-101.36162154607158
-68.54267793591927,-102.15812041370141
-50.74591031114984,-105.78353951654913
-50.730908151327725,-104.65789411413404
-85.00276414225277,-91.51819928624172
-85.18992422231939,-91.93772815013072
-85.18992422231939,-91.93772815013072
-85.48373328746702,-92.83183567860311
-84.73191628589272,-90.70128212782896
-85.00276414225277,-91.51819928624172
-85.62841209185085,-93.15050094945525
-85.48373328746702,-92.83183567860311
-67.43410831908265,-100.09690544615984
-67.25649280011521,-99.66770192886223
-84.50576581736507,-90.18801957130898
-84.24680886194638,-89.4140379713438
-84.01400927068903,-88.88098544379294
-84.24680886194638,-89.4140379713438
-84.73191628589272,-90.70128212782896
-84.50576581736507,-90.18801957130898
-67.25649280011521,-99.66770192886223
-66.77169457237828,-98.81360053779714
-66.60030259276957,-98.40935800456396
-66.77169457237828,-98.81360053779714
-83.73628784691562,-88.05771373372393
-84.01400927068903,-88.88098544379294
-65.9415495366587,-97.12558964306122
-66.15185096143696,-97.61902067060004
-66.15185096143696,-97.61902067060004
-66.60030259276957,-98.40935800456396
-110.81185435414734,78.05490727575874
-110.20077604041266,77.62184259420788
-110.20077604041266,77.62184259420788
-109.80225545379945,77.12882078363934
-111.12327930413123,78.48526442159248
-110.81185435414734,78.05490727575874
-109.13841305991974,76.63654304751506
-109.80225545379945,77.12882078363934
-103.89407651979222,100.67651885176173
-103.30339719242409,99.77620598624992
-103.30339719242409,99.77620598624992
-103.10033001896751,99.53689385457609
-103.89407651979222,100.67651885176173
-104.12091066540799,100.93936292092533
-105.56393284500422,103.06647658457273
-104.94422834630484,102.11021712246716
-104.71728170841756,101.85286091996929
-104.94422834630484,102.11021712246716
-105.76493756900813,103.28786373170783
-105.56393284500422,103.06647658457273
-104.12091066540799,100.93936292092533
-104.71728170841756,101.85286091996929
-49.997657513459245,23.346434434788183
-49.90598011907618,24.03220177466486
-49.84058402353203,24.653811568956346
-49.90598011907618,24.03220177466486
-50.121071704474296,22.589423480769394
-49.997657513459245,23.346434434788183
-89.76008601267117,30.8669585941388
-91.49312571762658,30.631105114372804
-93.1459353426327,30.580183745098743
-91.49312571762658,30.631105114372804
-87.95599132628962,31.28282143578896
-86.08401842965472,31.87460231409213
-89.76008601267117,30.8669585941388
-87.95599132628962,31.28282143578896
-84.14500315734101,32.63950417641014
-86.08401842965472,31.87460231409213
-68.2192097423285,2.586110769881492
-66.53019107514139,2.977791208621621
-50.653882277231624,20.314623729325383
-50.795365589534235,19.881220319520317
64.71963569871659,-6.784807775681198
63.97772698533333,-11.870971030264062
76.15405143065205,-17.591712668040625
74.63474508849642,-15.628138046798266
77.72385842672271,-19.459320475927864
76.15405143065205,-17.591712668040625
73.17518071049064,-13.593175728246823
74.63474508849642,-15.628138046798266
26.1102748668052,-44.21359479566961
25.971070407754098,-43.84558886587691
25.971070407754098,-43.84558886587691
25.845371277494785,-43.33693154899449
26.22301254879408,-44.686323059914
26.1102748668052,-44.21359479566961
25.704979218272364,-42.953988627384895
25.845371277494785,-43.33693154899449
44.53289028407747,-34.157100465235715
43.99424028132978,-32.98533050581414
45.21013361111038,-35.40983347404866
44.53289028407747,-34.157100465235715
46.484732466651536,-37.51131521479
46.285579120779744,-37.13385957191562
46.285579120779744,-37.13385957191562
45.9068715402561,-36.5365337345798
45.21013361111038,-35.40983347404866
45.811123797767316,-36.35708292339444
45.9068715402561,-36.5365337345798
45.811123797767316,-36.35708292339444
47.43213674813323,-38.995677144057765
47.01129295645585,-38.33455754705404
61.23719134844276,-25.80356388253125
62.581710755923105,-19.7656985525462
46.99106167779368,-38.30810566069204
47.01129295645585,-38.33455754705404
63.97772698533333,-11.870971030264062
62.581710755923105,-19.7656985525462
47.45910939280634,-39.04835572995762
47.43213674813323,-38.995677144057765
25.46898748573521,-42.01657091955996
25.218964497556936,-41.00596620806866
25.46898748573521,-42.01657091955996
25.476103125453335,-42.03672939918816
25.218964497556936,-41.00596620806866
25.201635067651246,-40.89377073721269
43.99424028132978,-32.98533050581414
43.51209433417739,-31.743598060896524
25.704979218272364,-42.953988627384895
25.476103125453335,-42.03672939918816
24.889113259328678,-39.90414179861325
25.121329073848873,-40.56902165891868
25.121329073848873,-40.56902165891868
25.201635067651246,-40.89377073721269
-20.92208244410174,-15.811299891561266
-21.202102368778128,-16.05953130747228
24.47907334561649,-29.100615592021153
24.80522671710625,-27.28179426927295
-21.487285442653484,-16.293160494470587
-21.202102368778128,-16.05953130747228
25.23058176293051,-25.391575217650452
24.80522671710625,-27.28179426927295
-20.796628802756146,-15.691100750705456
-20.92208244410174,-15.811299891561266
25.739324070204816,-23.49331062838332
26.31766380321526,-21.61936232176408
26.95573172589719,-19.78183759514578
26.31766380321526,-21.61936232176408
-17.761526766958227,-18.33828459542884
-17.41445785757407,-18.664654942610113
25.23058176293051,-25.391575217650452
25.739324070204816,-23.49331062838332
22.181660707282333,-10.415029666972373
25.39137503900754,-12.090849185262172
26.9530759486151,-12.84968440698227
25.39137503900754,-12.090849185262172
17.53624253855104,-7.805659300303056
22.181660707282333,-10.415029666972373
-1.9673963315124006,4.825242623355498
-2.246944200118979,6.483759462544231
-109.10173240314941,-78.44904309906116
-108.70024974944555,-78.19190520520962
-108.70024974944555,-78.19190520520962
-108.09303548476882,-77.93435181827896
-107.16449800715976,-77.47703835131355
-107.79190810365336,-77.74893006426062
-107.79190810365336,-77.74893006426062
-108.09303548476882,-77.93435181827896
155.626916359722,75.75837505824246
155.52639976798673,75.60144649730856
154.68575454427366,74.76204339793298
154.71189773014808,74.78020737446933
155.52639976798673,75.60144649730856
154.71189773014808,74.78020737446933
127.86465609409984,0.2872629731925085
129.01411231765078,0.6566688425675817
129.23128106573833,0.7717149877465712
129.01411231765078,0.6566688425675817
127.81113149287127,0.27866077442419623
127.86465609409984,0.2872629731925085
130.22134046889883,1.0612746836879634
130.8856928651288,1.281317736871618
130.8856928651288,1.281317736871618
131.34523948145767,1.3090877658742333
130.100399796632,1.0490931860848172
130.22134046889883,1.0612746836879634
146.11079524808721,35.8117152325893
145.72739283715873,35.602855448507995
146.11079524808721,35.8117152325893
146.80706316858686,36.41847282637467
147.28185557031586,36.66327401349485
146.80706316858686,36.41847282637467
131.7086333679878,57.64414144255647
131.580886195336,57.465100802749745
131.580886195336,57.465100802749745
130.6918701707215,56.342096085548455
128.85855039347592,54.035094703607854
129.6611270226255,55.04920688835706
129.76400626572217,55.166760187653516
129.6611270226255,55.04920688835706
128.62004094463285,53.762416928242246
128.85855039347592,54.035094703607854
130.66978531311153,56.31115472006463
129.76400626572217,55.166760187653516
130.66978531311153,56.31115472006463
130.6918701707215,56.342096085548455
-50.609094600054505,-101.99180913935348
-50.58337084125287,-100.80841109266672
-50.573330383268015,-100.71778468669422
-50.58337084125287,-100.80841109266672
-102.33266055298218,98.42195506131385
-102.49140028313565,98.61164395808456
-102.33266055298218,98.42195506131385
-101.68430442432594,97.43854554842173
-103.10033001896751,99.53689385457609
-102.49140028313565,98.61164395808456
-101.52299799434977,97.24349626618454
-101.68430442432594,97.43854554842173
-31.299111100122875,4.909501978176232
-49.777612764183715,25.599188521493872
-49.777612764183715,25.599188521493872
-49.796038763926546,25.229770984801366
-49.84058402353203,24.653811568956346
-49.796038763926546,25.229770984801366
-13.760641440675709,-7.060227669016609
-30.86646025940727,4.052504891377728
-49.71743486994413,28.380120211541968
-49.777612764183715,25.599188521493872
-66.53019107514139,2.977791208621621
-64.65432103129191,3.78978471423621
-63.863985074727,4.267086760879028
-64.65432103129191,3.78978471423621
-51.23943494572596,18.7214737569408
-50.986465081999114,19.353955384301162
-50.795365589534235,19.881220319520317
-50.986465081999114,19.353955384301162
-51.56741463728718,17.975138646799646
-51.23943494572596,18.7214737569408
61.23719134844276,-25.80356388253125
60.1095435599345,-29.622330921645887
43.00881559571782,-30.193821453025055
40.609625430865165,-21.238650566143942
38.389642026905456,-13.558912934523544
40.609625430865165,-21.238650566143942
43.51209433417739,-31.743598060896524
43.00881559571782,-30.193821453025055
38.29617193708156,-13.208996862464694
38.389642026905456,-13.558912934523544
-110.7043137850758,-58.03748521593424
-110.64257955520284,-58.009787406869314
-110.64257955520284,-58.009787406869314
-109.60903951007988,-57.662800990542614
-109.40873238371589,-57.616827408173016
-109.60903951007988,-57.662800990542614
-111.88880393238517,-58.433996192740096
-110.7043137850758,-58.03748521593424
-108.05175192192628,-57.16872643884865
-109.40873238371589,-57.616827408173016
-115.81032884715619,-59.77658308252375
-114.80603601732346,-59.44236722518194
-114.80603601732346,-59.44236722518194
-114.66061409828934,-59.372912575191386
-114.66061409828934,-59.372912575191386
-113.46184213379705,-58.973846437905415
-111.88880393238517,-58.433996192740096
-112.0547483965289,-58.50923156207225
-112.0547483965289,-58.50923156207225
-113.44898272712831,-58.971159228082314
-113.46184213379705,-58.973846437905415
-113.44898272712831,-58.971159228082314
-102.34030368359085,-75.07727079116056
-103.08841513595816,-75.41587446126714
-103.08841513595816,-75.41587446126714
-103.62127311493836,-75.72172732271483
-109.10173240314941,-78.44904309906116
-109.69049804260162,-78.68700601734926
-110.07018735837488,-78.9440903642238
-109.69049804260162,-78.68700601734926
-115.81032884715619,-59.77658308252375
-116.03268797837592,-59.88574060472571
-116.03268797837592,-59.88574060472571
-117.18195017008858,-60.26464874587207
-117.2519016875175,-60.27607547008171
-117.18195017008858,-60.26464874587207
147.28185557031586,36.66327401349485
147.88361363526766,37.21810791958507
-50.43483564519075,-98.29213378348896
-50.546287783452584,-99.3634912178592
-50.573330383268015,-100.71778468669422
-50.546287783452584,-99.3634912178592
-48.24743420789486,-86.6567467497141
-50.43483564519075,-98.29213378348896
-54.982265728179655,-48.03434852176825
-55.93790076653658,-49.420544731231416
-55.93790076653658,-49.420544731231416
-56.408261569693295,-50.06037634101561
-57.090873563241715,-51.04948311551098
-56.408261569693295,-50.06037634101561
-54.81193134271443,-47.803203142235404
-54.982265728179655,-48.03434852176825
-103.62127311493836,-75.72172732271483
-104.4072376008338,-76.07418154166518
-104.94032135958699,-76.38402687929896
-104.4072376008338,-76.07418154166518
-118.4833404351157,-60.66081606260339
-118.36923425212505,-60.645801307801754
-118.4833404351157,-60.66081606260339
-119.17768446144511,-60.88922743887542
-119.17768446144511,-60.88922743887542
-119.4989270432138,-61.08003421751784
-117.2519016875175,-60.27607547008171
-118.36923425212505,-60.645801307801754
-119.8020855858281,-61.17360975989833
-119.4989270432138,-61.08003421751784
126.688189946134,-0.08291124457835064
126.39071404537029,-0.135657545107283
126.39071404537029,-0.135657545107283
125.56250174021643,-0.3997902924409109
125.39893162167733,-0.4763581736466209
125.56250174021643,-0.3997902924409109
127.81113149287127,0.27866077442419623
126.688189946134,-0.08291124457835064
124.03779746732747,-0.9178767275274584
125.39893162167733,-0.4763581736466209
148.1572856643386,37.341753388614045
148.67093763257978,37.823599790423906
147.88361363526766,37.21810791958507
148.1572856643386,37.341753388614045
-58.32387347261127,8.38312637283353
-59.762377232186736,7.050801006671747
-57.009210864722846,9.768593229272827
-58.32387347261127,8.38312637283353
-62.92224258896957,4.753951434051137
-61.30457938347309,5.823020511697733
-63.863985074727,4.267086760879028
-62.92224258896957,4.753951434051137
-59.762377232186736,7.050801006671747
-61.30457938347309,5.823020511697733
-106.8489073692197,-77.2872648875119
-106.14234571553636,-76.97730397764488
-106.14234571553636,-76.97730397764488
-105.73232846666609,-76.73519091265955
-104.94032135958699,-76.38402687929896
-105.73232846666609,-76.73519091265955
-107.16449800715976,-77.47703835131355
-106.8489073692197,-77.2872648875119
