341,69
341,70
341,71
341,72
341,73
341,74
341,75
340,76
340,77
340,78
340,79
339,80
339,81
339,82
339,83
338,84
338,85
338,86
337,87
337,88
337,89
335,90
336,90
334,91
337,91
333,92
337,92
331,93
332,93
338,93
330,94
338,94
329,95
339,95
328,96
339,96
326,97
327,97
340,97
325,98
340,98
324,99
341,99
323,100
341,100
322,101
342,101
321,102
342,102
320,103
343,103
319,104
343,104
318,105
343,105
317,106
344,106
316,107
344,107
315,108
344,108
314,109
345,109
313,110
345,110
312,111
345,111
311,112
346,112
310,113
346,113
309,114
346,114
308,115
347,115
308,116
347,116
307,117
347,117
306,118
348,118
305,119
348,119
304,120
348,120
116,121
304,121
349,121
116,122
303,122
349,122
116,123
302,123
349,123
116,124
302,124
350,124
115,125
301,125
350,125
115,126
300,126
350,126
115,127
300,127
350,127
115,128
299,128
351,128
115,129
298,129
351,129
114,130
298,130
351,130
114,131
297,131
352,131
114,132
297,132
352,132
114,133
296,133
352,133
114,134
296,134
352,134
113,135
295,135
352,135
113,136
295,136
353,136
113,137
294,137
353,137
113,138
294,138
353,138
113,139
293,139
354,139
112,140
293,140
354,140
112,141
292,141
355,141
112,142
292,142
356,142
112,143
291,143
357,143
112,144
291,144
358,144
112,145
291,145
359,145
111,146
290,146
360,146
111,147
290,147
361,147
111,148
289,148
362,148
111,149
289,149
363,149
111,150
289,150
364,150
111,151
288,151
365,151
111,152
288,152
366,152
110,153
288,153
367,153
110,154
288,154
368,154
110,155
287,155
369,155
110,156
287,156
110,157
287,157
110,158
286,158
110,159
286,159
109,160
286,160
109,161
285,161
109,162
285,162
109,163
285,163
109,164
285,164
109,165
285,165
109,166
284,166
109,167
284,167
109,168
284,168
109,169
283,169
109,170
283,170
108,171
110,171
283,171
106,172
107,172
111,172
112,172
283,172
105,173
113,173
114,173
283,173
104,174
115,174
116,174
117,174
282,174
103,175
118,175
119,175
282,175
101,176
102,176
120,176
121,176
282,176
100,177
122,177
123,177
282,177
99,178
124,178
125,178
281,178
98,179
126,179
127,179
281,179
97,180
128,180
129,180
281,180
95,181
96,181
130,181
131,181
281,181
94,182
132,182
281,182
93,183
133,183
134,183
281,183
92,184
135,184
136,184
280,184
91,185
137,185
138,185
280,185
90,186
139,186
140,186
280,186
89,187
141,187
142,187
279,187
88,188
143,188
279,188
87,189
144,189
145,189
279,189
86,190
146,190
279,190
85,191
147,191
148,191
279,191
84,192
149,192
279,192
83,193
150,193
151,193
278,193
82,194
152,194
278,194
81,195
153,195
278,195
80,196
154,196
155,196
278,196
79,197
156,197
278,197
78,198
157,198
277,198
77,199
158,199
277,199
76,200
159,200
277,200
75,201
160,201
161,201
276,201
74,202
162,202
276,202
73,203
163,203
276,203
72,204
164,204
276,204
71,205
165,205
275,205
70,206
166,206
275,206
69,207
167,207
275,207
69,208
168,208
274,208
68,209
169,209
274,209
67,210
170,210
274,210
66,211
171,211
274,211
65,212
172,212
273,212
64,213
173,213
273,213
63,214
173,214
273,214
61,215
62,215
174,215
273,215
60,216
175,216
272,216
58,217
59,217
176,217
272,217
57,218
177,218
272,218
56,219
178,219
272,219
55,220
179,220
271,220
53,221
54,221
180,221
271,221
52,222
181,222
270,222
51,223
182,223
270,223
50,224
182,224
270,224
48,225
49,225
183,225
269,225
47,226
184,226
269,226
46,227
185,227
269,227
45,228
186,228
268,228
44,229
186,229
268,229
43,230
187,230
268,230
42,231
188,231
267,231
41,232
189,232
267,232
40,233
190,233
266,233
39,234
191,234
266,234
38,235
191,235
266,235
37,236
192,236
265,236
36,237
193,237
265,237
35,238
194,238
264,238
35,239
195,239
264,239
34,240
195,240
263,240
33,241
196,241
263,241
32,242
197,242
263,242
456,242
31,243
198,243
262,243
456,243
199,244
262,244
456,244
200,245
261,245
456,245
201,246
261,246
456,246
201,247
260,247
456,247
202,248
260,248
456,248
203,249
259,249
456,249
204,250
259,250
456,250
205,251
258,251
456,251
206,252
258,252
456,252
207,253
257,253
456,253
208,254
257,254
456,254
208,255
256,255
456,255
209,256
256,256
456,256
210,257
255,257
456,257
211,258
255,258
456,258
212,259
254,259
456,259
213,260
254,260
456,260
214,261
253,261
455,261
215,262
252,262
455,262
216,263
252,263
455,263
217,264
251,264
455,264
218,265
251,265
455,265
219,266
250,266
455,266
220,267
250,267
455,267
221,268
249,268
455,268
222,269
248,269
455,269
223,270
248,270
455,270
224,271
247,271
455,271
225,272
247,272
454,272
226,273
246,273
454,273
226,274
246,274
454,274
227,275
245,275
454,275
228,276
245,276
454,276
229,277
244,277
454,277
230,278
243,278
454,278
231,279
243,279
453,279
232,280
242,280
453,280
233,281
242,281
453,281
234,282
241,282
453,282
235,283
240,283
453,283
236,284
240,284
453,284
237,285
239,285
452,285
238,286
452,286
239,287
452,287
239,288
452,288
239,289
452,289
239,290
451,290
240,291
451,291
240,292
451,292
240,293
450,293
240,294
450,294
240,295
450,295
240,296
450,296
241,297
449,297
241,298
449,298
241,299
449,299
241,300
448,300
241,301
448,301
241,302
448,302
242,303
448,303
242,304
447,304
242,305
447,305
242,306
447,306
242,307
446,307
242,308
446,308
243,309
445,309
243,310
445,310
243,311
444,311
243,312
244,312
444,312
242,313
245,313
246,313
247,313
444,313
241,314
248,314
249,314
443,314
240,315
250,315
251,315
443,315
239,316
252,316
253,316
441,316
442,316
238,317
254,317
255,317
440,317
237,318
256,318
257,318
438,318
439,318
237,319
258,319
259,319
436,319
437,319
236,320
260,320
261,320
435,320
235,321
262,321
263,321
433,321
434,321
234,322
264,322
265,322
431,322
432,322
233,323
266,323
267,323
429,323
430,323
232,324
268,324
269,324
427,324
428,324
231,325
270,325
271,325
425,325
426,325
230,326
272,326
424,326
229,327
273,327
274,327
422,327
423,327
226,328
227,328
228,328
275,328
276,328
420,328
421,328
223,329
224,329
225,329
229,329
277,329
278,329
417,329
418,329
419,329
221,330
222,330
229,330
279,330
280,330
415,330
416,330
218,331
219,331
220,331
229,331
281,331
282,331
413,331
414,331
216,332
217,332
229,332
283,332
284,332
410,332
411,332
412,332
213,333
214,333
215,333
228,333
285,333
286,333
408,333
409,333
211,334
212,334
228,334
287,334
288,334
406,334
407,334
208,335
209,335
210,335
228,335
289,335
290,335
403,335
404,335
405,335
206,336
207,336
228,336
291,336
292,336
401,336
402,336
204,337
205,337
228,337
293,337
398,337
399,337
400,337
202,338
203,338
228,338
294,338
295,338
395,338
396,338
397,338
200,339
201,339
228,339
296,339
297,339
392,339
393,339
394,339
198,340
199,340
227,340
298,340
299,340
389,340
390,340
391,340
195,341
196,341
197,341
227,341
300,341
301,341
386,341
387,341
388,341
193,342
194,342
227,342
302,342
383,342
384,342
385,342
191,343
192,343
227,343
303,343
304,343
380,343
381,343
382,343
189,344
190,344
227,344
305,344
306,344
377,344
378,344
379,344
187,345
188,345
227,345
307,345
308,345
374,345
375,345
376,345
185,346
186,346
226,346
309,346
310,346
370,346
371,346
372,346
373,346
183,347
184,347
226,347
311,347
312,347
367,347
368,347
369,347
182,348
226,348
313,348
314,348
362,348
363,348
364,348
365,348
366,348
180,349
181,349
226,349
315,349
316,349
358,349
359,349
360,349
361,349
178,350
179,350
226,350
317,350
318,350
354,350
355,350
356,350
357,350
176,351
177,351
226,351
319,351
320,351
350,351
351,351
352,351
353,351
174,352
175,352
226,352
321,352
322,352
344,352
345,352
346,352
347,352
348,352
349,352
172,353
173,353
225,353
323,353
324,353
336,353
337,353
338,353
339,353
340,353
341,353
342,353
343,353
171,354
225,354
325,354
326,354
327,354
328,354
329,354
330,354
331,354
332,354
333,354
334,354
335,354
169,355
170,355
225,355
167,356
168,356
225,356
166,357
225,357
164,358
165,358
225,358
163,359
225,359
161,360
162,360
225,360
160,361
224,361
159,362
224,362
157,363
158,363
224,363
156,364
224,364
155,365
224,365
153,366
154,366
223,366
152,367
223,367
151,368
223,368
150,369
223,369
148,370
149,370
223,370
147,371
222,371
146,372
222,372
144,373
145,373
222,373
143,374
222,374
141,375
142,375
222,375
140,376
221,376
139,377
221,377
138,378
221,378
137,379
221,379
136,380
220,380
134,381
135,381
220,381
133,382
220,382
132,383
220,383
131,384
219,384
130,385
219,385
129,386
219,386
128,387
219,387
127,388
219,388
126,389
218,389
125,390
218,390
124,391
218,391
123,392
217,392
122,393
217,393
121,394
217,394
120,395
216,395
119,396
216,396
118,397
216,397
118,398
216,398
117,399
215,399
117,400
215,400
116,401
215,401
116,402
214,402
116,403
214,403
115,404
213,404
115,405
213,405
114,406
212,406
114,407
212,407
114,408
212,408
113,409
211,409
113,410
211,410
113,411
211,411
112,412
210,412
112,413
210,413
112,414
209,414
111,415
209,415
111,416
208,416
111,417
207,417
111,418
206,418
110,419
205,419
110,420
204,420
110,421
203,421
109,422
202,422
109,423
201,423
109,424
109,425
108,426
108,427
108,428
108,429
108,430
108,431
107,432
107,433
107,434
107,435
107,436
106,437
106,438
106,439
106,440
106,441
106,442
106,443
106,444
106,445
106,446
106,447
106,448
105,449
105,450
105,451
